1111 3 2 5 2 7 2 3 2 11
10101 3 7 3 3 31 3 3 7 3
11011 3 2 5 2 7 2 3 2 7
100011 5 13 3 31 43 3 73 7 3
101101 3 2 5 2 7 2 3 2 7
110001 7 5 3 11 43 3 5 7 3
111001 3 2 5 2 7 2 3 2 11
111111 3 2 3 2 7 2 3 2 3
1000001 5 2 17 2 13 2 5 2 101
1001011 3 2 5 2 7 2 3 2 11
1010101 5 2 17 2 37 2 5 2 73
1011101 3 7 11 3 5 43 3 11 7
1011111 5 2 3 2 37 2 5 2 3
1101001 3 2 5 2 7 2 3 2 11
1101111 3 2 3 2 7 2 3 2 3
1110111 7 2 3 2 43 2 17 2 3
1111101 5 2 3 2 17 2 5 2 3
10000101 7 13 3 31 17 3 73 7 3
10000111 3 2 5 2 7 2 3 2 11
10001111 11 17 43 7 5 541 809 1783 419
10011001 3 2 5 2 7 2 3 2 7
10011011 5 11 7 11 5 5 31 11 17
10100001 7 11 3 31 43 3 73 7 3
10100101 3 2 5 2 7 2 3 2 11
10101111 5 2 3 2 37 2 5 2 3
10111011 11 2 3 2 223 2 17 2 3
10111101 3 2 3 2 7 2 3 2 3
11000011 3 2 5 2 7 2 3 2 11
11010111 5 2 3 2 37 2 5 2 3
11011001 7 5 11 11 5 337 5 7 41
11011101 13 2 3 2 11 2 17 2 3
11100001 3 2 5 2 7 2 3 2 11
11100111 3 2 3 2 7 2 3 2 3
11101011 5 2 3 2 37 2 5 2 3
11101101 3 2 3 2 7 2 3 2 3
11110101 5 2 3 2 37 2 5 2 3
11111001 3 2 3 2 7 2 3 2 3
11111111 3 2 5 2 7 2 3 2 11
100000011 7 5 3 31 11 3 5 7 3
100010001 3 7 3 3 13 3 3 7 3
100010111 3 5 11 3 5 29 3 11 41
100011111 7 2 3 2 43 2 11 2 3
100101001 3 2 5 2 7 2 3 2 7
100101111 3 2 3 2 7 2 3 2 3
100110101 3 5 13 3 5 43 3 31 7
100111011 3 2 3 2 7 2 3 2 3
101000101 5 2 17 2 13 2 5 2 101
101001101 3 17 7 3 5 1667 3 17 7573
101001111 5 2 3 2 37 2 5 2 3
101010011 3 5 37 3 5 1627 3 163 1777
101010101 11 11 5 11 5 11 11 5 41
101010111 7 2 3 2 43 2 23 2 3
101011001 3 7 13 3 5 5 3 73 7
101101011 3 2 3 2 7 2 3 2 3
101101101 5 2 3 2 19 2 5 2 3
101110011 7 2 3 2 43 2 73 2 3
101111101 3 7 13 3 31 29 3 73 7
110000001 5 13 3 31 43 3 17 7 3
110001111 3 2 3 2 7 2 3 2 3
110010011 13 11 11 11 5 13 31 11 41
110011011 3 2 3 2 7 2 3 2 3
110011101 7 2 3 2 43 2 73 2 3
110101011 7 2 3 2 43 2 73 2 3
110101101 3 2 3 2 7 2 3 2 3
110111001 3 2 3 2 7 2 3 2 3
110111111 3 2 5 2 7 2 3 2 11
111000011 11 19 13 17 5 41 2083 17 199
111000111 5 2 3 2 13 2 5 2 3
111010001 3 11 11 3 5 5 3 11 41
111010101 7 2 3 2 43 2 73 2 3
111100011 3 2 3 2 7 2 3 2 3
111100101 5 2 3 2 29 2 5 2 3
111101111 3 2 5 2 7 2 3 2 11
111110001 7 2 3 2 43 2 73 2 3
111111111 7 13 3 19 19 3 73 7 3
1000000001 3 2 5 2 7 2 3 2 7
1000001101 3 2 5 2 7 2 3 2 11
1000001111 17 11 11 11 5 2801 31 11 41
1000010011 3 2 5 2 7 2 3 2 7
1000100101 3 2 5 2 7 2 3 2 7
1000100111 19 127 23 47 5 53 61 1087 30241
1000101011 3 7 13 3 5 5 3 73 7
1000110001 3 2 5 2 7 2 3 2 11
1000110111 3 2 3 2 7 2 3 2 3
1001000011 3 2 5 2 7 2 3 2 11
1001001001 3 2 5 2 7 2 3 2 7
1001001101 19 11 11 11 5 2801 31 11 23
1001010101 3 7 13 3 5 43 3 73 7
1001011011 3 2 3 2 7 2 3 2 3
1001011101 5 2 3 2 29 2 5 2 3
1001100011 13 73 241 17 5 13 37 19 9901
1001101101 3 2 3 2 7 2 3 2 3
1001110011 3 2 3 2 7 2 3 2 3
1001110101 17 2 3 2 13 2 17 2 3
1001111001 3 2 3 2 7 2 3 2 3
1001111011 5 19 7 101 181 5 7 11 17
1001111111 3 2 5 2 7 2 3 2 7
1010000101 3 2 5 2 7 2 3 2 11
1010001011 3 11 11 3 5 61 3 7 41
1010001111 5 2 3 2 37 2 5 2 3
1010010001 3 2 5 2 7 2 3 2 7
1010010111 3 2 3 2 7 2 3 2 3
1010011101 3 2 3 2 7 2 3 2 3
1010100111 7 2 3 2 43 2 73 2 3
1010101001 3 7 13 3 5 43 3 73 7
1010101101 5 2 3 2 37 2 5 2 3
1010110101 3 2 3 2 7 2 3 2 3
1010111001 17 2 3 2 1297 2 17 2 3
1010111011 3 5 13 3 31 43 3 23 7
1011000001 3 2 5 2 7 2 3 2 11
1011001001 23 11 11 11 5 23 31 11 19
1011001011 5 2 3 2 13 2 5 2 3
1011010011 3 2 3 2 7 2 3 2 3
1011010101 5 2 3 2 37 2 5 2 3
1011011001 3 2 3 2 7 2 3 2 3
1011011011 17 13 97 563 61 4423 7 47 61
1011011111 3 2 5 2 7 2 3 2 11
1011100101 3 2 3 2 7 2 3 2 3
1011101001 5 2 3 2 11 2 5 2 3
1011110001 3 2 3 2 7 2 3 2 3
1011110111 3 2 5 2 7 2 3 2 11
1011111101 3 2 5 2 7 2 3 2 7
1100000011 3 2 5 2 7 2 3 2 11
1100000111 5 7 11 11 5 5 31 11 7
1100010111 7 2 3 2 43 2 59 2 3
1100011001 13 19 241 47 5 13 37 127 241
1100011011 3 2 3 2 7 2 3 2 3
1100011111 17 5 331 7 3251 331 5 43 139
1100100001 3 2 5 2 7 2 3 2 7
1100100111 3 2 3 2 7 2 3 2 3
1100101101 3 2 3 2 7 2 3 2 3
1100110011 3 2 3 2 7 2 3 2 3
1100111001 3 2 3 2 7 2 3 2 3
1101000101 3 11 7 3 5 17 3 11 41
1101001011 3 2 3 2 7 2 3 2 3
1101001101 5 2 3 2 11 2 5 2 3
1101010001 3 5 13 3 5 43 3 73 7
1101100011 3 2 3 2 7 2 3 2 3
1101100111 13 73 241 601 13 11 7 227 9901
1101101001 3 2 3 2 7 2 3 2 3
1101101011 5 11 367 19 593 5 7 7 23
1101110101 3 7 13 3 31 5 3 19 7
1101111001 7 5 43 11 211 29 5 7 239
1101111011 3 2 5 2 7 2 3 2 7
1110000011 29 5 11 7 5 2801 5 11 41
1110000111 3 2 3 2 7 2 3 2 3
1110001101 3 2 3 2 7 2 3 2 3
1110010101 7 2 3 2 43 2 23 2 3
1110011001 3 2 3 2 7 2 3 2 3
1110011011 13 17 241 29 13 13 7 239 9901
1110011111 3 2 5 2 7 2 3 2 11
1110100011 7 2 3 2 19 2 11 2 3
1110100101 3 2 3 2 7 2 3 2 3
1110110001 3 2 3 2 7 2 3 2 3
1110110101 13 5 29 53 71 5807 5 23 3313
1110110111 3 2 5 2 7 2 3 2 11
1110111101 3 2 5 2 7 2 3 2 11
1110111111 7 5 3 17 41 3 5 7 3
1111000001 31 11 11 11 5 53 31 11 41
1111000011 3 2 3 2 7 2 3 2 3
1111000101 5 2 3 2 37 2 5 2 3
1111001111 3 2 5 2 7 2 3 2 11
1111101101 3 2 5 2 7 2 3 2 11
1111110111 5 13 3 31 43 3 73 7 3
1111111001 3 2 5 2 7 2 3 2 7
1111111111 3 2 5 2 5 2 3 2 11
10000000001 5 2 17 2 37 2 5 2 101
10000000101 3 7 3 3 31 3 3 7 3
10000001011 3 2 5 2 7 2 3 2 7
10000010101 5 2 17 2 37 2 5 2 31
10000010111 3 7 13 3 5 43 3 23 7
10000011111 5 2 3 2 37 2 5 2 3
10000100001 7 13 3 31 43 3 73 7 3
10000101001 3 2 5 2 7 2 3 2 11
10000101111 3 2 3 2 7 2 3 2 3
10000111101 5 2 3 2 37 2 5 2 3
10001001101 3 5 13 3 5 43 3 73 7
10001010001 5 2 17 2 13 2 5 2 73
10001011011 5 2 3 2 37 2 5 2 3
10001011111 3 7 13 3 29 43 3 37 7
10001100111 7 2 3 2 29 2 47 2 3
10001110011 17 2 3 2 1297 2 17 2 3
10001110101 7 2 3 2 43 2 29 2 3
10001110111 3 5 43 3 23 29 3 19 239
10001111001 5 2 3 2 11 2 5 2 3
10010000011 3 2 5 2 7 2 3 2 11
10010001001 3 2 5 2 7 2 3 2 7
10010010101 3 7 13 3 5 17 3 73 7
10010010111 5 2 3 2 37 2 5 2 3
10010011011 3 2 3 2 7 2 3 2 3
10010100001 3 2 5 2 7 2 3 2 11
10010101011 5 2 3 2 11 2 5 2 3
10010101101 3 2 3 2 7 2 3 2 3
10010110101 5 2 3 2 37 2 5 2 3
10010111001 3 2 3 2 7 2 3 2 3
10010111011 7 17 89 59 19 211 7 7 283
10010111111 3 2 5 2 7 2 3 2 7
10011001001 5 47 397 37 5 5 1811 7 7331
10011001011 3 2 3 2 7 2 3 2 3
10011010011 5 2 3 2 13 2 5 2 3
10011010111 3 229 739 3 11 79 3 7 19
10011011001 17 2 3 2 19 2 17 2 3
10011011011 11 23 53 41 733 139 7 13 6343
10011011101 3 7 13 3 31 5 3 73 7
10011100011 3 2 3 2 7 2 3 2 3
10011100101 7 2 3 2 41 2 43 2 3
10011100111 5 43 587 7 2543 5 7 47 251
10011101111 3 2 5 2 7 2 3 2 11
10011110001 5 2 3 2 37 2 5 2 3
10011111011 3 2 5 2 7 2 3 2 11
10100000001 3 7 3 3 23 3 3 7 3
10100000101 5 2 17 2 17 2 5 2 17
10100001111 5 2 3 2 11 2 5 2 3
10100010011 3 5 13 3 5 43 3 73 7
10100011101 7 2 3 2 43 2 73 2 3
10100100001 13 2 29 2 673 2 12473 2 1289
10100100101 3 7 13 3 5 23 3 43 7
10100101011 3 2 3 2 7 2 3 2 3
10100101101 5 2 3 2 37 2 5 2 3
10100110111 3 7 13 3 17 5 3 73 7
10100111001 7 2 3 2 43 2 41 2 3
10101000001 5 2 17 2 11 2 5 2 19
10101000111 7 2 3 2 19 2 73 2 3
10101001001 3 7 13 3 5 41 3 17 7
10101001011 5 2 3 2 37 2 5 2 3
10101010011 29 2 3 2 53 2 11 2 3
10101010101 3 2 3 2 13 2 3 2 3
10101011011 3 7 13 3 11 43 3 73 7
10101011111 5 2 17 2 37 2 5 2 101
10101100001 3 11 19 3 5 89 3 383 17
10101100011 7 2 3 2 43 2 73 2 3
10101101001 5 2 3 2 23 2 5 2 3
10101101011 19 29 103 23 29 409 7 17 157
10101101101 3 7 13 3 31 43 3 11 7
10101110001 7 2 3 2 17 2 31 2 3
10101110011 3 163 47 3 67 5 3 43 19
10101110101 11 61 5 521 11 11 7 5 239
10101111101 5 2 11 2 37 2 5 2 101
10101111111 3 7 3 3 31 3 3 7 3
10110000111 5 2 3 2 37 2 5 2 3
10110001011 3 2 3 2 7 2 3 2 3
10110001101 7 2 3 2 43 2 73 2 3
10110010001 3 7 13 3 5 5 3 73 7
10110011101 3 5 11 3 11 1811 3 53 6389
10110100101 5 2 3 2 37 2 5 2 3
10110101001 3 2 3 2 7 2 3 2 3
10110101111 3 2 5 2 7 2 3 2 11
10110110101 3 7 13 3 31 43 3 73 7
10110110111 7 2 59 2 5113 2 2287 2 701
10110111011 3 2 5 2 7 2 3 2 7
10111000011 5 2 3 2 37 2 5 2 3
10111000101 7 2 3 2 11 2 73 2 3
10111010111 5 2 17 2 13 2 5 2 101
10111011001 3 5 13 3 31 43 3 73 7
10111100001 5 2 3 2 37 2 5 2 3
10111101011 3 2 5 2 7 2 3 2 11
10111101111 7 13 3 31 43 3 73 7 3
10111110101 5 2 17 2 37 2 5 2 29
10111111101 3 7 3 3 19 3 3 7 3
10111111111 5 2 17 2 5 2 5 2 101
11000000011 3 2 5 2 7 2 3 2 7
11000001001 3 2 5 2 7 2 3 2 11
11000001111 3 2 3 2 7 2 3 2 3
11000011011 3 2 3 2 7 2 3 2 3
11000011101 5 2 3 2 37 2 5 2 3
11000100111 3 2 3 2 7 2 3 2 3
11000110011 3 2 3 2 7 2 3 2 3
11000110101 7 2 3 2 43 2 61 2 3
11000111001 3 2 3 2 7 2 3 2 3
11001000101 3 7 13 3 5 5 3 73 7
11001001011 3 2 3 2 7 2 3 2 3
11001001111 5 107 7 23 2083 5 7 31 9371
11001010111 3 5 13 3 31 43 3 29 7
11001011001 5 2 3 2 13 2 5 2 3
11001101001 3 2 3 2 7 2 3 2 3
11001101101 5 23 19 281 29 5 7 7 113
11001101111 3 2 5 2 7 2 3 2 7
11001110001 17 2 3 2 29 2 17 2 3
11001110011 13 73 43 601 13 13 7 547 239
11010000001 3 2 5 2 7 2 3 2 7
11010001011 5 2 3 2 37 2 5 2 3
11010001101 3 2 3 2 7 2 3 2 3
11010001111 23 19 197 17 1109 229 7 2917 853
11010010011 3 2 3 2 7 2 3 2 3
11010010101 5 2 3 2 19 2 5 2 3
11010011001 3 2 3 2 7 2 3 2 3
11010011111 3 2 5 2 7 2 3 2 11
11010100101 3 2 3 2 7 2 3 2 3
11010101001 5 2 3 2 37 2 5 2 3
11010101011 3 7 13 3 31 43 3 73 7
11010110001 3 2 3 2 7 2 3 2 3
11010110011 5 113 307 1627 109 5 7 7 21839
11010110111 3 2 5 2 7 2 3 2 7
11010111101 3 2 5 2 7 2 3 2 11
11011000011 3 2 3 2 7 2 3 2 3
11011001001 3 2 3 2 7 2 3 2 3
11011010001 5 2 3 2 37 2 5 2 3
11011010101 3 7 11 3 31 43 3 23 7
11011011011 3 2 5 2 7 2 3 2 7
11011100001 3 2 3 2 7 2 3 2 3
11011101101 3 2 5 2 7 2 3 2 7
11011111001 3 2 5 2 7 2 3 2 11
11011111111 3 2 5 2 5 2 3 2 7
11100000111 7 2 3 2 17 2 73 2 3
11100001011 3 2 3 2 7 2 3 2 3
11100001101 5 2 3 2 37 2 5 2 3
11100010101 7 2 3 2 41 2 73 2 3
11100100011 3 2 3 2 7 2 3 2 3
11100110001 7 2 3 2 43 2 73 2 3
11100111011 3 2 5 2 7 2 3 2 11
11100111111 5 11 3 31 43 3 73 7 3
11101000001 3 7 13 3 5 43 3 71 7
11101001001 5 2 3 2 37 2 5 2 3
11101001101 3 41 37 3 157 23 3 7 12503
11101010011 3 7 13 3 31 5 3 11 7
11101011101 5 2 17 2 13 2 5 2 17
11101100101 3 5 13 3 19 43 3 73 7
11101101011 3 2 5 2 7 2 3 2 7
11101101111 11 5 3 11 29 3 5 19 3
11101110001 3 79 11 3 1291 5 3 547 97
11101110111 3 7 3 3 13 3 3 7 3
11101111101 3 11 3 3 379 3 3 151 3
11110000101 5 2 3 2 37 2 5 2 3
11110000111 41 7 131 19 647 13 7 1877 7
11110001001 3 2 3 2 7 2 3 2 3
11110001111 3 2 5 2 7 2 3 2 11
11110100001 3 2 3 2 7 2 3 2 3
11110101101 3 2 5 2 7 2 3 2 11
11110101111 7 13 3 31 43 3 47 7 3
11110110011 3 2 5 2 7 2 3 2 7
11110110111 5 137 3 29 11 3 61 11 3
11110111101 7 13 3 31 43 3 29 7 3
11111000001 5 2 3 2 37 2 5 2 3
11111001011 3 2 5 2 7 2 3 2 11
11111010001 3 7 13 3 31 43 3 73 7
11111010101 5 2 17 2 11 2 5 2 101
11111010111 3 227 3 3 67 3 3 17 3
11111011111 5 2 11 2 5 2 5 2 41
11111100101 43 2 71 2 23 2 389 2 3329
11111100111 7 5 3 31 43 3 5 7 3
11111101001 3 2 5 2 7 2 3 2 7
11111110011 5 29 3 107 821 3 131 3461 3
11111110101 3 7 3 3 29 3 3 7 3
11111111011 3 2 5 2 5 2 3 2 7
11111111101 5 2 17 2 5 2 5 2 23
100000000001 3 2 5 2 7 2 3 2 11
100000000011 7 13 3 11 43 3 73 7 3
100000000111 3 2 5 2 7 2 3 2 11
100000001101 3 2 5 2 7 2 3 2 7
100000010001 5 13 3 31 43 3 73 7 3
100000010011 3 2 5 2 7 2 3 2 11
100000011101 31 5 11 11 5 2801 5 11 19
100000011111 3 2 3 2 7 2 3 2 3
100000100101 3 2 5 2 7 2 3 2 11
100000101111 5 2 3 2 11 2 5 2 3
100000111011 7 2 3 2 43 2 73 2 3
100000111101 3 2 3 2 7 2 3 2 3
100001000011 3 2 5 2 7 2 3 2 11
100001001111 3 2 3 2 7 2 3 2 3
100001010111 5 2 3 2 37 2 5 2 3
100001100001 3 2 5 2 7 2 3 2 11
100001101011 5 2 3 2 37 2 5 2 3
100001101101 3 2 3 2 7 2 3 2 3
100001101111 17 163 43 41 6481 29 7 547 239
100001110011 3 2 3 2 7 2 3 2 3
100001110101 5 2 3 2 37 2 5 2 3
100001110111 11 7 11 2207 61 13 7 32363 7
100001111001 3 2 3 2 7 2 3 2 3
100001111111 3 2 5 2 7 2 3 2 11
100010000001 7 5 3 31 43 3 5 7 3
100010001111 7 2 3 2 19 2 23 2 3
100010010001 3 2 5 2 7 2 3 2 11
100010010101 13 5 673 23 5 11 5 383 206813
100010010111 3 2 3 2 7 2 3 2 3
100010011001 31 11 11 11 5 17 31 11 29
100010011101 3 2 3 2 7 2 3 2 3
100010100111 5 2 3 2 37 2 5 2 3
100010101001 3 5 919 3 5 233 3 653 237043
100010101011 7 2 3 2 43 2 73 2 3
100010110011 17 2 3 2 271 2 11 2 3
100010111001 7 2 3 2 43 2 73 2 3
100011000001 3 2 5 2 7 2 3 2 11
100011000111 3 2 3 2 7 2 3 2 3
100011001001 13 73 241 601 5 13 37 457 9901
100011001101 3 2 3 2 7 2 3 2 3
100011010011 3 2 3 2 7 2 3 2 3
100011010101 7 2 3 2 17 2 17 2 3
100011011001 3 2 3 2 7 2 3 2 3
100011011111 3 2 5 2 7 2 3 2 11
100011100011 5 2 3 2 13 2 5 2 3
100011100101 3 2 3 2 7 2 3 2 3
100011110001 3 2 3 2 7 2 3 2 3
100011110111 3 2 5 2 7 2 3 2 11
100011111101 3 2 5 2 7 2 3 2 11
100011111111 7 13 3 31 11 3 41 7 3
100100001001 3 2 5 2 7 2 3 2 7
100100001101 7 5 37 41 5 53 5 7 197
100100001111 3 2 3 2 7 2 3 2 3
100100010011 23 23 461 1051 5 383 3259 19 17
100100010101 3 7 11 3 5 5 3 11 7
100100011011 3 2 3 2 7 2 3 2 3
100100100111 3 2 3 2 7 2 3 2 3
100100101101 3 2 3 2 7 2 3 2 3
100100110001 13 73 241 601 5 13 29 47 1511
100100110011 3 2 3 2 7 2 3 2 3
100100111001 3 2 3 2 7 2 3 2 3
100100111111 3 2 5 2 7 2 3 2 7
100101000111 5 2 3 2 37 2 5 2 3
100101001011 3 2 3 2 7 2 3 2 3
100101010011 7 2 3 2 23 2 73 2 3
100101010111 3 127 37 3 13 1061 3 3461 113
100101011101 3 5 13 3 31 43 3 43 7
100101100101 5 2 3 2 13 2 5 2 3
100101101001 3 2 3 2 7 2 3 2 3
100101101101 19 13 11 2521 17 29 7 547 23
100101101111 3 2 5 2 7 2 3 2 11
100101111111 11 181 3 47 367 3 23 11 3
100110000011 5 7 23 643 5 5 131 31 7
100110001011 7 2 3 2 43 2 73 2 3
100110001101 3 2 3 2 7 2 3 2 3
100110010001 31 11 11 11 5 277 13 11 41
100110010011 3 2 3 2 7 2 3 2 3
100110011001 3 2 3 2 7 2 3 2 3
100110100101 3 2 3 2 7 2 3 2 3
100110100111 7 7 109 11 17 21517 7 7 7
100110110001 3 2 3 2 7 2 3 2 3
100110110011 13 73 241 601 11 13 7 6481 29
100110111011 47 2 181 2 811 2 5 2 277
100110111101 3 2 5 2 7 2 3 2 7
100111000001 11 5 107 7 5 6011 5 19 17
100111000011 3 2 3 2 7 2 3 2 3
100111000101 41 2 3 2 227 2 47 2 3
100111001101 13 73 241 601 13 13 7 11 89
100111010001 7 2 3 2 11 2 73 2 3
100111011111 7 5 3 31 17 3 5 7 3
100111100001 3 2 3 2 7 2 3 2 3
100111100111 3 2 5 2 7 2 3 2 11
100111101101 3 2 5 2 7 2 3 2 11
100111111011 5 13 3 19 19 3 73 7 3
101000000101 3 2 5 2 7 2 3 2 7
101000000111 17 17 19 19 5 59 11 99643 199
101000001011 3 7 13 3 5 43 3 73 7
101000001101 31 11 7 11 5 13 31 11 41
101000001111 5 2 3 2 23 2 5 2 3
101000010001 3 2 5 2 7 2 3 2 11
101000010111 3 2 3 2 7 2 3 2 3
101000011101 3 2 3 2 7 2 3 2 3
101000101011 19 2 3 2 487 2 17903 2 3
101000101101 5 2 3 2 37 2 5 2 3
101000101111 3 7 13 3 31 43 3 73 7
101000110011 7 2 3 2 17 2 67 2 3
101000110101 3 2 3 2 7 2 3 2 3
101000110111 5 71 191 11 3557 5 7 443 19
101000111011 3 5 37 3 227 23 3 11 547
101001000001 3 2 5 2 7 2 3 2 11
101001001011 5 2 3 2 37 2 5 2 3
101001001101 3 2 3 2 7 2 3 2 3
101001010101 5 2 3 2 37 2 5 2 3
101001011111 3 2 5 2 7 2 3 2 7
101001100101 3 2 3 2 7 2 3 2 3
101001101001 5 2 3 2 13 2 5 2 3
101001101011 3 181 19 3 6661 29 3 7 239
101001110001 3 2 3 2 7 2 3 2 3
101001111101 3 2 5 2 7 2 3 2 11
101010000111 5 2 3 2 37 2 5 2 3
101010001001 3 5 11 3 5 43 3 11 7
101010010101 3 2 3 2 7 2 3 2 3
101010011011 3 7 13 3 31 5 3 73 7
101010100011 7 2 3 2 11 2 73 2 3
101010100101 5 2 3 2 37 2 5 2 3
101010101101 3 7 13 3 19 43 3 53 7
101010101111 5 2 17 2 37 2 5 2 101
101010110001 7 2 3 2 43 2 17 2 3
101010111111 3 7 3 3 31 3 3 7 3
101011000011 5 2 3 2 37 2 5 2 3
101011001001 11 2 3 2 17 2 23663 2 3
101011010111 3 2 5 2 7 2 3 2 11
101011011101 3 2 5 2 7 2 3 2 7
101011011111 11 269 3 11 23 3 191 29 3
101011100001 5 2 3 2 37 2 5 2 3
101011101011 5 2 17 2 13 2 5 2 83
101011110101 3 2 5 2 7 2 3 2 11
101011110111 7 13 3 31 43 3 61 7 3
101011111011 3 11 3 3 17 3 3 71 3
101011111101 29 17 3 479 13 3 53 593 3
101011111111 5 2 17 2 5 2 5 2 19
101100000001 3 2 5 2 7 2 3 2 7
101100000101 7 11 11 11 5 137 31 7 41
101100000111 3 2 3 2 7 2 3 2 3
101100001011 11 2 3 2 17 2 97 2 3
101100010011 3 2 3 2 7 2 3 2 3
101100011001 3 2 3 2 7 2 3 2 3
101100011101 5 19 1123 137 17 5 7 47 6203
101100100001 7 5 181 4967 5 113 5 7 16603
101100100101 3 2 3 2 7 2 3 2 3
101100100111 5 41 7 43 19231 5 7 23 17509
101100101011 3 5 13 3 31 11 3 37 7
101100110101 19 5 7 1613 503 367 5 43 103
101100110111 3 2 5 2 7 2 3 2 7
101100111001 13 73 137 11 13 13 7 89 17
101101000101 5 2 3 2 37 2 5 2 3
101101001001 3 2 3 2 7 2 3 2 3
101101001111 3 2 5 2 7 2 3 2 11
101101010101 3 7 13 3 23 43 3 73 7
101101011011 3 2 5 2 7 2 3 2 7
101101100001 3 2 3 2 7 2 3 2 3
101101100111 3 2 5 2 7 2 3 2 11
101101101001 23 11 43 2621 6691 23 7 13 19
101101101101 3 2 5 2 7 2 3 2 7
101101111001 3 2 5 2 7 2 3 2 11
101101111111 3 2 5 2 5 2 3 2 7
101110000001 5 11 11 11 5 5 31 11 41
101110000011 7 2 3 2 43 2 73 2 3
101110000101 3 2 3 2 7 2 3 2 3
101110001011 3 37 271 3 19 5 3 23 29
101110010001 3 2 3 2 7 2 3 2 3
101110010111 3 2 5 2 7 2 3 2 11
101110011111 5 13 3 31 43 3 73 7 3
101110101001 3 7 13 3 31 5 3 17 7
101110110101 3 2 5 2 7 2 3 2 7
101110111011 3 7 3 3 13 3 3 7 3
101110111101 5 101 3 967 14401 3 23 29 3
101110111111 31 2 11 2 5 2 31 2 41
101111000111 3 2 5 2 7 2 3 2 11
101111010111 7 13 3 11 11 3 17 7 3
101111011001 3 2 5 2 7 2 3 2 7
101111100011 17 2 139 2 17 2 11 2 163
101111100101 3 2 5 2 7 2 3 2 11
101111101111 5 2 17 2 5 2 5 2 101
101111110001 3 2 5 2 7 2 3 2 11
101111110011 7 5 3 31 43 3 5 7 3
101111110111 3 2 5 2 5 2 3 2 11
101111111001 5 47 3 17 281 3 2213 43 3
101111111101 3 2 5 2 5 2 3 2 7
110000000001 7 13 3 31 43 3 73 7 3
110000000011 3 2 5 2 7 2 3 2 11
110000001111 3 2 3 2 7 2 3 2 3
110000010111 5 2 3 2 37 2 5 2 3
110000011101 7 2 3 2 43 2 73 2 3
110000100001 3 2 5 2 7 2 3 2 11
110000101011 5 2 3 2 23 2 5 2 3
110000110011 3 2 3 2 7 2 3 2 3
110000110101 5 2 3 2 17 2 5 2 3
110000111001 3 2 3 2 7 2 3 2 3
110000111111 3 2 5 2 7 2 3 2 11
110001000111 7 2 3 2 11 2 73 2 3
110001001101 47 2 3 2 2659 2 2347 2 3
110001001111 23 5 409 131 13 17 5 80209 53
110001010011 5 2 3 2 37 2 5 2 3
110001010101 7 2 3 2 43 2 73 2 3
110001011001 29 2 3 2 541 2 139 2 3
110001100011 3 2 3 2 7 2 3 2 3
110001100111 5 7 31 3001 7561 5 7 547 7
110001101001 3 2 3 2 7 2 3 2 3
110001101111 3 2 5 2 7 2 3 2 11
110001110001 5 2 3 2 13 2 5 2 3
110001111011 3 2 5 2 7 2 3 2 11
110001111111 7 13 3 31 41 3 17 7 3
110010000001 3 2 5 2 7 2 3 2 11
110010000101 5 19 2207 29 5 5 263 43 51473
110010000111 3 2 3 2 7 2 3 2 3
110010001101 3 2 3 2 7 2 3 2 3
110010011001 3 2 3 2 7 2 3 2 3
110010011111 3 2 5 2 7 2 3 2 7
110010100011 5 2 3 2 37 2 5 2 3
110010101001 7 2 3 2 11 2 73 2 3
110010110001 3 2 3 2 7 2 3 2 3
110010110111 3 2 5 2 7 2 3 2 11
110010111101 3 2 5 2 7 2 3 2 11
110011000101 7 2 3 2 43 2 73 2 3
110011001001 3 2 3 2 7 2 3 2 3
110011010001 17 2 3 2 1297 2 17 2 3
110011011001 11 29 241 601 13 13 7 6481 9901
110011011011 3 2 5 2 7 2 3 2 11
110011100001 3 2 3 2 7 2 3 2 3
110011101111 7 5 3 31 43 3 5 7 3
110011110011 3 2 5 2 7 2 3 2 11
110011111001 3 2 5 2 7 2 3 2 11
110011111101 5 13 3 31 17 3 11 7 3
110011111111 3 2 5 2 5 2 3 2 11
110100000101 3 7 13 3 5 43 3 73 7
110100000111 5 2 3 2 37 2 5 2 3
110100001011 3 2 3 2 7 2 3 2 3
110100001101 13 2 3 2 11 2 97 2 3
110100010001 3 19 701 3 5 5 3 19 29
110100010111 3 7 13 3 31 11 3 17 7
110100011001 7 2 3 2 43 2 73 2 3
110100011011 5 11 71 53 19 5 7 31 23057
110100011101 3 5 347 3 79 1223 3 157649 149
110100100011 3 2 3 2 7 2 3 2 3
110100100101 5 2 3 2 37 2 5 2 3
110100101111 3 2 5 2 7 2 3 2 7
110100110011 31 5 709 43 421 751 5 1783 263
110101000011 5 2 3 2 17 2 5 2 3
110101001001 19 2 3 2 13 2 47 2 3
110101001101 3 7 11 3 31 5 3 73 7
110101010001 7 2 3 2 43 2 11 2 3
110101010111 5 2 17 2 37 2 5 2 101
110101011111 3 7 3 3 31 3 3 7 3
110101100001 5 2 3 2 37 2 5 2 3
110101100101 3 223 7 3 7591 17 3 547 197
110101101011 3 2 5 2 7 2 3 2 11
110101110001 3 479 367 3 23 2543 3 1009 23563
110101110101 5 2 17 2 13 2 5 2 23
110101110111 3 23 3 3 3001 3 3 3119 3
110101111011 7 13 3 31 29 3 73 7 3
110101111111 5 2 17 2 5 2 5 2 101
110110000011 3 2 3 2 7 2 3 2 3
110110001001 3 2 3 2 7 2 3 2 3
110110001111 3 2 5 2 7 2 3 2 11
110110010101 3 5 13 3 31 43 3 73 7
110110011011 3 2 5 2 7 2 3 2 7
110110011111 11 5 3 409 1723 3 5 17 3
110110100111 3 2 5 2 7 2 3 2 11
110110101101 3 2 5 2 7 2 3 2 7
110110101111 31 251 3 503 13 3 23 79 3
110110110011 3 2 5 2 7 2 3 2 11
110110111111 3 2 5 2 5 2 3 2 7
110111000001 7 2 3 2 43 2 29 2 3
110111001111 5 13 3 17 43 3 31 7 3
110111011101 3 7 3 3 11 3 3 7 3
110111100011 3 2 5 2 7 2 3 2 11
110111101001 3 2 5 2 7 2 3 2 11
110111101011 7 13 3 29 43 3 11 7 3
110111101111 3 2 5 2 5 2 3 2 11
110111110101 3 17 3 3 59 3 3 1871 3
110111110111 5 2 17 2 5 2 5 2 101
110111111001 7 5 3 11 19 3 5 7 3
111000000001 3 2 5 2 7 2 3 2 11
111000000011 17 59 41 43 5 17 101 79 23
111000000111 3 2 3 2 7 2 3 2 3
111000001011 5 2 3 2 19 2 5 2 3
111000001101 3 2 3 2 7 2 3 2 3
111000010011 3 2 3 2 7 2 3 2 3
111000010101 5 2 3 2 11 2 5 2 3
111000011111 3 2 5 2 7 2 3 2 11
111000100011 7 2 3 2 29 2 29 2 3
111000101001 5 2 3 2 17 2 5 2 3
111000110001 3 2 3 2 7 2 3 2 3
111000111001 11 89 11 43 491 14369 7 5591 13
111000111101 3 2 5 2 7 2 3 2 11
111000111111 7 13 3 31 43 3 73 7 3
111001001001 3 2 3 2 7 2 3 2 3
111001001111 3 2 5 2 7 2 3 2 7
111001010001 5 2 3 2 37 2 5 2 3
111001011011 3 2 5 2 7 2 3 2 11
111001011111 13 11 3 29 953 3 233 1789 3
111001100001 3 2 3 2 7 2 3 2 3
111001100011 29 5 43 7 7741 29 5 109 239
111001100101 5 11 1117 41 353 5 7 229 23
111001100111 3 2 5 2 7 2 3 2 11
111001110111 7 5 3 19 43 3 5 7 3
111001111001 3 2 5 2 7 2 3 2 11
111001111111 3 2 5 2 5 2 3 2 11
111010000011 5 2 3 2 37 2 5 2 3
111010000101 3 2 3 2 7 2 3 2 3
111010001011 3 7 13 3 31 43 3 73 7
111010010001 3 2 3 2 7 2 3 2 3
111010010111 3 2 5 2 7 2 3 2 7
111010011101 3 2 5 2 7 2 3 2 11
111010100001 5 2 3 2 37 2 5 2 3
111010101011 5 2 17 2 37 2 5 2 101
111010101111 3 7 3 3 11 3 3 7 3
111010110101 3 2 5 2 7 2 3 2 11
111010111101 7 13 3 31 43 3 73 7 3
111010111111 5 2 17 2 5 2 5 2 101
111011000001 3 2 3 2 7 2 3 2 3
111011001101 3 2 5 2 7 2 3 2 7
111011010011 3 2 5 2 7 2 3 2 11
111011011111 3 2 5 2 5 2 3 2 7
111011100111 5 13 3 11 43 3 73 7 3
111011110001 3 2 5 2 7 2 3 2 11
111011110101 7 13 3 31 43 3 31 7 3
111011111011 5 2 17 2 5 2 5 2 31
111100000001 23 37 113 59 5 37 11 863 30817
111100000011 3 2 3 2 7 2 3 2 3
111100000101 5 2 3 2 37 2 5 2 3
111100001111 3 2 5 2 7 2 3 2 11
111100010001 7 2 3 2 43 2 73 2 3
111100011011 3 2 5 2 7 2 3 2 11
111100011111 7 13 3 31 43 3 73 7 3
111100100001 3 2 3 2 7 2 3 2 3
111100100111 3 2 5 2 7 2 3 2 7
111100101101 3 2 5 2 7 2 3 2 11
111100110101 17 2 29 2 1453 2 41 2 321743
111100110111 5 47 3 47 23 3 7699 17 3
111100111001 3 2 5 2 7 2 3 2 11
111100111011 7 5 3 31 43 3 5 7 3
111101000001 5 2 3 2 37 2 5 2 3
111101000101 3 7 13 3 11 43 3 73 7
111101001011 3 2 5 2 7 2 3 2 7
111101010001 3 53 157 3 14939 11 3 11 19
111101010101 5 2 17 2 37 2 5 2 101
111101010111 3 7 3 3 17 3 3 7 3
111101011111 5 2 17 2 5 2 5 2 61
111101100001 31 241 43 3121 19 29 7 17 239
111101100011 3 2 5 2 7 2 3 2 11
111101101001 3 2 5 2 7 2 3 2 11
111101101111 3 2 5 2 5 2 3 2 7
111101110011 5 13 3 31 11 3 73 7 3
111101111101 5 2 17 2 5 2 5 2 101
111110000001 3 2 3 2 7 2 3 2 3
111110000111 3 2 5 2 7 2 3 2 11
111110001001 41 5 251 2011 13 1279 5 59 54367
111110001111 7 13 3 31 43 3 73 7 3
111110010011 3 2 5 2 7 2 3 2 7
111110010111 13 101 3 17 101 3 14957 19 3
111110011101 7 5 3 23 43 3 5 7 3
111110011111 3 2 5 2 5 2 3 2 11
111110100101 3 2 5 2 7 2 3 2 7
111110101001 19 2 11 2 29 2 17 2 4703
111110101011 3 7 3 3 31 3 3 7 3
111110101111 5 2 17 2 5 2 5 2 83
111110110111 3 2 5 2 5 2 3 2 7
111110111001 5 11 3 31 17 3 11 7 3
111111000011 3 2 5 2 7 2 3 2 11
111111000111 7 13 3 31 43 3 11 7 3
111111001001 3 2 5 2 7 2 3 2 7
111111001111 3 2 5 2 5 2 3 2 11
111111010101 3 7 3 3 31 3 3 7 3
111111010111 5 2 17 2 5 2 5 2 101
111111011011 3 2 5 2 5 2 3 2 7
111111011101 31 2 11 2 5 2 23 2 41
111111100001 3 2 5 2 7 2 3 2 11
111111100011 7 13 3 31 43 3 73 7 3
111111100101 13 151 3 101 18313 3 53 97 3
111111101011 5 2 17 2 5 2 5 2 101
111111101101 3 2 5 2 5 2 3 2 7
111111110001 7 13 3 31 43 3 73 7 3
111111110011 3 2 5 2 5 2 3 2 11
111111110101 5 2 17 2 5 2 5 2 17
111111111001 3 2 5 2 5 2 3 2 11
111111111111 3 2 3 2 7 2 3 2 3
1000000000001 17 2 97 2 1297 2 17 2 73
1000000000101 3 179 3 3 41 3 3 761 3
1000000001001 5 107 3 2647 11 3 191 29 3
1000000001011 3 2 5 2 7 2 3 2 11
1000000010011 5 2 349 2 131 2 11 2 401
1000000011011 7 11 11 11 5 617 31 7 41
1000000011101 3 7 13 3 5 5 3 73 7
1000000100011 3 2 5 2 7 2 3 2 11
1000000101001 3 2 5 2 7 2 3 2 11
1000000101111 3 2 3 2 7 2 3 2 3
1000000110111 7 2 3 2 43 2 73 2 3
1000001000001 3 19 3 3 19 3 3 19 3
1000001000101 5 2 17 2 37 2 5 2 73
1000001001111 5 2 3 2 37 2 5 2 3
1000001010011 3 5 89 3 5 17 3 7 97
1000001011001 3 11 11 3 5 5 3 11 41
1000001011111 3 487 7 3 59 29 3 547 239
1000001100111 13 2 3 2 1297 2 17 2 3
1000001101011 3 2 3 2 7 2 3 2 3
1000001101101 5 2 3 2 37 2 5 2 3
1000001110101 11 2 3 2 53 2 97 2 3
1000001110111 3 439 251 3 29 5 3 11 182387
1000010000001 5 29 3 7 641 3 45289 31397 3
1000010000011 3 2 5 2 7 2 3 2 11
1000010001001 3 2 5 2 7 2 3 2 11
1000010011011 3 2 3 2 7 2 3 2 3
1000010100001 3 2 5 2 7 2 3 2 11
1000010100111 3 2 3 2 7 2 3 2 3
1000010101001 5 23 19 8231 5 5 97 1021 19
1000010101011 17 2 3 2 1297 2 17 2 3
1000010101101 3 2 3 2 7 2 3 2 3
1000010110011 3 2 3 2 7 2 3 2 3
1000010110101 7 2 3 2 43 2 73 2 3
1000010110111 11 5 31 7 39409 163 5 101 2579
1000010111001 3 2 3 2 7 2 3 2 3
1000011000111 5 2 3 2 37 2 5 2 3
1000011001101 11 2 3 2 13 2 17 2 3
1000011010011 59 2 3 2 19 2 261641 2 3
1000011100011 3 2 3 2 7 2 3 2 3
1000011100101 5 2 3 2 37 2 5 2 3
1000011101111 3 2 5 2 7 2 3 2 11
1000011111001 5 7 7 4139 3823 5 7 56807 7
1000011111011 3 2 5 2 7 2 3 2 11
1000011111111 19 11 3 7 53 3 71 195469 3
1000100000111 3 5 491 3 5 571 3 4909 107
1000100001001 7 2 53 2 13 2 5 2 827
1000100001101 3 23 7 3 5 5 3 47 257
1000100010001 17 2 257 2 17 2 17 2 17
1000100010011 3 11 11 3 5 263 3 11 41
1000100010111 5 2 3 2 41 2 73 2 3
1000100011001 3 7 13 3 5 43 3 19 7
1000100100101 3 5 1049 3 5 13 3 7 17
1000100101011 3 2 3 2 7 2 3 2 3
1000100110011 7 2 3 2 11 2 5 2 3
1000100111101 3 7 11 3 19 43 3 73 7
1000101010001 11 11 5 11 5 11 11 5 41
1000101010101 3 2 3 2 1297 2 3 2 3
1000101011101 5 17 5 19 167 5 7 5 239
1000101100101 61 2 3 2 19 2 261697 2 3
1000101101011 7 5 11 7 61 127 5 7 78517
1000101110111 17 2 257 2 1297 2 17 2 73
1000101111001 3 59 19 3 173 163 3 7 19
1000101111101 11 2 7 2 23 2 2393 2 97
1000101111111 3 5 3 3 13 3 3 79 3
1000110000101 3 11 79 3 5 5 3 1277 191
1000110000111 7 2 3 2 43 2 31 2 3
1000110001011 3 2 3 2 7 2 3 2 3
1000110010101 7 2 3 2 43 2 5 2 3
1000110011001 5 2 3 2 1297 2 17 2 3
1000110100011 3 2 3 2 7 2 3 2 3
1000110101001 3 2 3 2 7 2 3 2 3
1000110110001 7 2 3 2 43 2 73 2 3
1000110111011 3 2 5 2 7 2 3 2 11
1000110111111 7 13 3 11 43 3 73 7 3
1000111001001 29 2 3 2 83 2 4049 2 3
1000111001011 5 19 7 101 19 5 7 11 17
1000111001111 47 2 19 2 461 2 131 2 160079
1000111010011 3 73 167 3 13 13 3 1973 631
1000111010101 5 7 5 83 11 5 7 5 7
1000111011101 17 2 257 2 1103 2 17 2 43
1000111100001 23 2 3 2 13 2 2099 2 3
1000111101011 3 2 5 2 7 2 3 2 11
1000111110111 3 5 3 3 19 3 3 7 3
1000111111111 17 2 211 2 5 2 17 2 7
1001000000001 11 5 3 17 23 3 5 127 3
1001000001001 3 2 5 2 7 2 3 2 7
1001000001011 31 5 11 11 5 17 5 11 41
1001000010101 3 5 13 3 5 11 3 73 7
1001000010111 11 2 3 2 6551 2 23 2 3
1001000011011 3 2 3 2 7 2 3 2 3
1001000100001 3 2 5 2 7 2 3 2 11
1001000100111 3 2 3 2 7 2 3 2 3
1001000101101 3 2 3 2 7 2 3 2 3
1001000110011 3 2 3 2 7 2 3 2 3
1001000111111 3 2 5 2 7 2 3 2 7
1001001000011 5 179 61 7 5 5 8929 13 67
1001001000101 3 13 521 3 5 643 3 197 2029
1001001001001 31 11 11 11 5 31 31 11 31
1001001001011 3 2 3 2 7 2 3 2 3
1001001001101 5 2 3 2 37 2 5 2 3
1001001011011 37 5 43 12601 11 19 5 23 163
1001001011101 3 7 13 3 17 23 3 19 7
1001001100011 3 2 3 2 7 2 3 2 3
1001001100101 17 2 3 2 1297 2 17 2 3
1001001100111 7 17 19 7 2633 193 7 7 38677
1001001101001 3 2 3 2 7 2 3 2 3
1001001110101 3 211 11 3 11 5 3 7 38149
1001010000011 7 5 19 1303 5 163 5 7 7
1001010000111 3 2 3 2 7 2 3 2 3
1001010010101 67 2 3 2 53 2 487 2 3
1001010011001 3 2 3 2 7 2 3 2 3
1001010011111 3 2 5 2 7 2 3 2 11
1001010100101 3 2 3 2 7 2 3 2 3
1001010100111 5 7 31 3001 11 5 7 58321 7
1001010101001 17 2 3 2 47 2 17 2 3
1001010110001 3 2 3 2 7 2 3 2 3
1001010111101 3 2 5 2 7 2 3 2 7
1001011000101 5 2 3 2 11 2 5 2 3
1001011001111 3 2 5 2 7 2 3 2 11
1001011010111 7 2 53 2 107 2 31 2 7
1001011011001 5 17 463 23 1559 5 7 42467 29
1001011100011 5 19 7 101 23 5 7 11 13
1001011101101 3 2 5 2 7 2 3 2 11
1001011101111 37 7 3 23 13 3 11 29 3
1001011110001 13 5 7 383 19 5039 5 29 7
1001011110011 3 2 5 2 7 2 3 2 11
1001011111001 3 2 5 2 7 2 3 2 11
1001011111111 3 2 5 2 5 2 3 2 11
1001100000011 31 11 11 11 5 2801 17 11 23
1001100010001 3 7 13 3 5 43 3 29 7
1001100010011 19 2 3 2 17 2 5 2 3
1001100101001 3 2 3 2 7 2 3 2 3
1001100101111 3 2 5 2 7 2 3 2 11
1001100110001 17 2 3 2 1297 2 5 2 3
1001100110101 3 7 13 3 31 43 3 73 7
1001100111001 7 53 97 61 47 751 7 7 442457
1001100111011 3 2 5 2 7 2 3 2 7
1001100111111 13 19 3 13 73 3 101 31 3
1001101000001 3 5 11 3 5 107 3 11 41
1001101001011 11 5 743 23 26339 1117 5 43 19
1001101010101 7 5 5 41 19 17 5 5 31
1001101011001 3 7 13 3 13 13 3 73 7
1001101011111 3 5 3 3 1303 3 3 71 3
1001101100101 3 421 751 3 79 5 3 13 23
1001101101011 3 2 5 2 7 2 3 2 11
1001101101111 5 701 3 17 47 3 79 887 3
1001101110001 3 17 163 3 71 89 3 7 139
1001101110011 13 2 241 2 13 2 37 2 9901
1001101110101 17 2 7 2 109 2 17 2 73
1001101110111 3 293 3 3 17 3 3 29803 3
1001101111101 3 5 3 3 11 3 3 73 3
1001101111111 7 2 11 2 5 2 31 2 41
1001110001001 3 2 3 2 7 2 3 2 3
1001110001101 5 7 23 97 421 5 7 7 7
1001110001111 3 2 5 2 7 2 3 2 11
1001110011011 3 2 5 2 7 2 3 2 11
1001110100001 3 2 3 2 7 2 3 2 3
1001110100111 3 2 5 2 7 2 3 2 11
1001110101001 7 37 11 1861 29 1009 7 7 176819
1001110110011 3 2 5 2 7 2 3 2 11
1001110110111 7 13 3 13 43 3 11 7 3
1001110111001 3 2 5 2 7 2 3 2 7
1001110111111 3 2 5 2 5 2 3 2 11
1001111000001 13 2 3 2 3511 2 16883 2 3
1001111011011 13 73 3 601 13 3 37 6481 3
1001111101001 3 2 5 2 7 2 3 2 11
1001111110101 3 5 3 3 1597 3 3 13649 3
1001111110111 19 2 337 2 5 2 547 2 7
1001111111011 3 2 5 2 5 2 3 2 11
1001111111101 7 2 103 2 5 2 17 2 19
1010000000001 3 11 3 3 163 3 3 59 3
1010000000101 5 2 17 2 37 2 5 2 101
1010000000111 3 367 2657 3 5 37 3 37717 61
1010000001101 3 7 13 3 5 17 3 73 7
1010000001111 5 2 3 2 37 2 5 2 3
1010000011111 3 7 13 3 13 43 3 73 7
1010000100111 7 2 3 2 43 2 73 2 3
1010000101011 3 2 3 2 7 2 3 2 3
1010000101101 5 2 3 2 13 2 5 2 3
1010000110101 7 2 3 2 43 2 17 2 3
1010000110111 3 97 23 3 11 5 3 46549 17
1010001000001 5 2 7 2 23 2 5 2 7
1010001000011 3 19 37 3 5 117307 3 7 19
1010001001001 3 631 1163 3 5 7753 3 13 151
1010001001011 5 2 3 2 19 2 5 2 3
1010001010101 3 2 3 2 11 2 3 2 3
1010001010111 41 541 5 13001 89 17 7 5 239
1010001011011 3 13 59 3 23 13 3 103 47
1010001011111 5 2 17 2 37 2 5 2 17
1010001100011 17 2 3 2 13 2 17 2 3
1010001100111 3 5 317 3 1361 11 3 61 43
1010001101001 5 2 3 2 37 2 5 2 3
1010001111101 5 2 17 2 37 2 5 2 23
1010001111111 3 17 3 3 17 3 3 89527 3
1010010000101 3 23 2753 3 5 6949 3 199 859
1010010000111 5 2 3 2 11 2 5 2 3
1010010001011 3 2 3 2 7 2 3 2 3
1010010001111 19 47 83 43 113 1181 7 23 41
1010010010111 3 613 29 3 1553 67 3 7 1361
1010010011011 5 29 19 37 379 5 7 13 103
1010010011101 3 5 13 3 31 43 3 11 7
1010010100011 3 2 3 2 7 2 3 2 3
1010010100101 5 2 3 2 37 2 5 2 3
1010010101001 3 2 3 2 7 2 3 2 3
1010010101011 11 349 3907 14759 17 7669 7 283 17
1010010101111 3 2 5 2 7 2 3 2 11
1010010111011 3 2 5 2 7 2 3 2 11
1010011000011 5 2 3 2 37 2 5 2 3
1010011001001 17 2 3 2 587 2 11 2 3
1010011001101 3 37 7 3 1429 5 3 53 23
1010011010001 73 2 3 2 19 2 262657 2 3
1010011010111 5 2 7 2 37 2 5 2 101
1010011100001 5 2 3 2 37 2 5 2 3
1010011101011 3 2 5 2 7 2 3 2 11
1010011110001 3 19 179 3 14401 31 3 107 3659
1010011110101 5 2 17 2 37 2 5 2 7
1010011110111 3 31 3 3 13 3 3 83 3
1010011111011 41 7 3 23 271 3 11 373 3
1010011111111 5 2 17 2 5 2 5 2 101
1010100000111 7 2 3 2 43 2 11 2 3
1010100001001 3 7 13 3 5 5 3 73 7
1010100001101 17 2 3 2 23167 2 223 2 3
1010100010101 3 2 3 2 17 2 3 2 3
1010100011001 11 2 3 2 13 2 5 2 3
1010100011011 3 7 13 3 31 41 3 43 7
1010100100001 3 5 523 3 5 47 3 1021 3643
1010100100011 7 2 3 2 43 2 73 2 3
1010100101101 3 7 13 3 31 11 3 59 7
1010100110001 5 2 3 2 43 2 73 2 3
1010100110011 3 19 1777 3 13 173 3 149 1873
1010100110101 61 5 5 11 283 13 5 5 106121
1010100111111 3 5 3 3 11 3 3 7 3
1010101000101 3 2 3 2 37 2 3 2 3
1010101000111 13 7 5 11 26309 103 7 5 7
1010101001111 5 2 17 2 23 2 5 2 101
1010101010001 3 2 3 2 1297 2 3 2 3
1010101010101 43 547 29 29 7 29 7 29 239
1010101011101 3 2 13 2 11 2 3 2 7
1010101101101 5 2 7 2 37 2 5 2 101
1010101101111 3 19 3 3 19 3 3 233 3
1010101110001 11 5 5 7 11 11 5 5 17
1010101110011 17 2 83 2 167 2 17 2 7
1010101110111 5 13 3 31 43 3 73 5 3
1010110000101 7 2 3 2 13 2 23 2 3
1010110010011 3 31 3203 3 23 601 3 7 17
1010110011001 3 7 11 3 11 17 3 73 7
1010110100001 7 2 3 2 43 2 61 2 3
1010110100011 29 5 1009 7 11 863 5 109 29
1010110101001 5 31 59 19 13 5 7 23 71
1010110101011 3 2 5 2 7 2 3 2 11
1010110101111 7 13 3 31 43 3 73 7 3
1010110110001 3 103 83 3 127 3271 3 33829 59
1010110111101 3 7 3 3 31 3 3 7 3
1010111000111 5 2 13 2 37 2 5 2 89
1010111011001 7 2 257 2 1297 2 17 2 73
1010111011011 3 503 3 3 11 3 3 39239 3
1010111011101 29 5 3 11 17 3 5 5 3
1010111100001 3 157 61 3 23 1319 3 211 293
1010111100101 5 2 17 2 37 2 5 2 101
1010111100111 3 13 3 3 43 3 3 7 3
1010111101111 5 2 11 2 5 2 5 2 7
1010111110011 3 5 3 3 401 3 3 2579 3
1010111110101 7 13 3 19 11 3 11 5 3
1010111111011 17 2 47 2 5 2 17 2 73
1011000000101 3 7 13 3 5 43 3 31 7
1011000001011 3 2 3 2 7 2 3 2 3
1011000001101 5 2 3 2 37 2 5 2 3
1011000010001 3 5 4073 3 5 151 3 7 54623
1011000010111 3 7 11 3 31 5 3 19 7
1011000011101 3 11 7 3 17239 37 3 101839 5407
1011000100011 3 2 3 2 7 2 3 2 3
1011000101001 3 2 3 2 7 2 3 2 3
1011000101101 7 17 37 11 103 151 7 7 53197
1011000101111 3 2 5 2 7 2 3 2 7
1011000110001 13 2 3 2 17 2 409 2 3
1011000111111 5 29 3 11273 929 3 11 11 3
1011001000111 3 5 7 3 13 3257 3 11 89
1011001001001 5 2 3 2 37 2 5 2 3
1011001001101 3 7 13 3 11 43 3 73 7
1011001010001 29 2 3 2 2269 2 173 2 3
1011001010011 3 13 43 3 137 5 3 17 239
1011001011101 5 2 17 2 23 2 5 2 101
1011001011111 3 7 3 3 31 3 3 73 3
1011001100001 17 2 3 2 11 2 17 2 3
1011001100101 3 5 19 3 53 23 3 7 167
1011001101011 3 2 5 2 7 2 3 2 11
1011001110001 3 31 7 3 11437 5 3 149 149
1011001110011 7 2 11 2 859 2 5 2 29873
1011010000011 3 2 3 2 7 2 3 2 3
1011010000101 5 2 3 2 37 2 5 2 3
1011010001001 3 2 3 2 7 2 3 2 3
1011010001111 3 2 5 2 7 2 3 2 11
1011010010001 53 2 3 2 887 2 37 2 3
1011010010101 3 7 13 3 31 13 3 73 7
1011010011011 3 2 5 2 7 2 3 2 7
1011010100111 3 2 5 2 7 2 3 2 11
1011010101101 3 2 5 2 7 2 3 2 7
1011010110011 3 2 5 2 7 2 3 2 11
1011010110111 5 17 3 3767 12689 3 67 23 3
1011010111001 3 2 5 2 7 2 3 2 11
1011010111011 11 5 3 19 223 3 5 11 3
1011010111111 3 2 5 2 5 2 3 2 7
1011011000001 5 2 3 2 29 2 5 2 3
1011011000111 7 2 197 2 1619 2 397 2 7
1011011001011 3 2 5 2 7 2 3 2 11
1011011010001 3 13 11 3 13 17 3 353 263
1011011010101 5 2 17 2 17 2 5 2 101
1011011010111 3 383 3 3 23 3 3 269 3
1011011011101 3 7 3 3 31 3 3 73 3
1011011011111 5 2 17 2 5 2 5 2 29
1011011101001 3 2 5 2 7 2 3 2 11
1011011110011 5 7 3 461 1049 3 29 12197 3
1011011110101 3 37 3 3 263 3 3 1279 3
1011011111011 3 2 5 2 5 2 3 2 11
1011011111101 5 2 7 2 5 2 5 2 61
1011100000001 3 5 13 3 5 43 3 73 7
1011100000011 43 2 3 2 2207 2 37 2 3
1011100010011 3 7 13 3 31 43 3 73 7
1011100010101 19 5 5 11329 67 23 5 5 8387
1011100010111 23 2 277 2 13 2 11 2 17
1011100100101 3 7 13 3 13 5 3 37 7
1011100101001 7 5 31 29 179 1031 5 7 1049
1011100101011 3 2 5 2 7 2 3 2 7
1011100101111 5 97 3 23 2129 3 1231 17 3
1011100110111 3 7 3 3 31 3 3 7 3
1011101001001 3 7 13 3 31 43 3 73 7
1011101001101 5 2 17 2 37 2 5 2 101
1011101010001 47 5 5 13121 17 29 5 5 29
1011101010101 3 2 13 2 31 2 3 2 7
1011101011011 3 5 3 3 31 3 3 31 3
1011101011111 31 2 7 2 5 2 31 2 41
1011101101011 5 31 3 11 223 3 521 739 3
1011101101101 3 7 3 3 17 3 3 73 3
1011101101111 7 2 73 2 5 2 53 2 127
1011101110001 17 2 257 2 1297 2 17 2 73
1011101111111 3 7 13 3 31 5 3 73 7
1011110000111 19 2 11 2 3187 2 67 2 59
1011110010001 3 7 13 3 31 11 3 73 7
1011110010111 3 5 3 3 61 3 3 39157 3
1011110011101 3 19 3 3 8663 3 3 19 3
1011110100111 5 13 3 31 13 3 73 7 3
1011110101001 3 2 5 2 7 2 3 2 7
1011110101111 3 2 5 2 5 2 3 2 11
1011110110101 3 5 3 3 31 3 3 7 3
1011110111011 3 2 5 2 5 2 3 2 7
1011111000001 3 137 7 3 1889 229 3 43 31
1011111000101 5 2 11 2 37 2 5 2 17
1011111000111 3 11 3 3 11 3 3 17 3
1011111001111 5 2 7 2 5 2 5 2 101
1011111010011 3 5 3 3 1303 3 3 4759 3
1011111011001 3 7 3 3 31 3 3 73 3
1011111011011 31 2 11 2 5 2 31 2 41
1011111100101 3 229 3 3 4157 3 3 18719 3
1011111101101 5 2 17 2 5 2 5 2 101
1011111111001 17 2 7 2 5 2 17 2 73
1011111111101 3 7 13 3 23 43 3 23 7
1100000000011 3 2 5 2 7 2 3 2 11
1100000001001 3 2 5 2 7 2 3 2 11
1100000001111 3 2 3 2 7 2 3 2 3
1100000010001 61 2 523 2 79 2 5 2 2591
1100000010111 7 2 3 2 43 2 71 2 3
1100000011001 31 11 11 11 5 23 13 11 41
1100000011011 3 2 3 2 7 2 3 2 3
1100000100001 3 2 5 2 7 2 3 2 11
1100000110011 3 2 3 2 7 2 3 2 3
1100000111001 3 2 3 2 7 2 3 2 3
1100000111111 3 2 5 2 7 2 3 2 11
1100001000001 7 2 13 2 139 2 23 2 71
1100001000101 3 19 7 3 5 11 3 530713 19
1100001000111 5 2 3 2 37 2 5 2 3
1100001001111 7 11 23 7 45361 29 7 7 239
1100001010001 3 479 43 3 5 5 3 43 256889
1100001011101 3 5 3691 3 13 1283 3 7 103
1100001011111 17 2 4483 2 17 2 61 2 615577
1100001100011 3 2 3 2 7 2 3 2 3
1100001100101 5 2 3 2 37 2 5 2 3
1100001101001 3 2 3 2 7 2 3 2 3
1100001101011 7 239 13 887 787 13 7 7 16339
1100001101111 3 2 5 2 7 2 3 2 11
1100001110011 11 5 11 29 827 1291 5 1033 29
1100001111001 5 19 1453 17 113 5 7 7 13
1100001111011 3 2 5 2 7 2 3 2 11
1100010000001 3 2 5 2 7 2 3 2 11
1100010000111 3 2 3 2 7 2 3 2 3
1100010001011 61 2 3 2 17 2 41 2 3
1100010001101 3 2 3 2 7 2 3 2 3
1100010010011 3 2 3 2 7 2 3 2 3
1100010010101 7 2 3 2 13 2 11 2 3
1100010011001 3 2 3 2 7 2 3 2 3
1100010100011 7 2 3 2 43 2 17 2 3
1100010100101 3 2 3 2 7 2 3 2 3
1100010110001 3 2 3 2 7 2 3 2 3
1100010110101 5 7 31 3001 7561 5 7 58321 7
1100010110111 3 2 5 2 7 2 3 2 11
1100010111011 13 2 41 2 109 2 5 2 7
1100010111101 3 2 5 2 7 2 3 2 11
1100010111111 5 11 3 31 43 3 73 7 3
1100011000011 3 2 3 2 7 2 3 2 3
1100011000101 17 2 3 2 379 2 17 2 3
1100011001111 3 2 5 2 7 2 3 2 11
1100011100001 3 2 3 2 7 2 3 2 3
1100011100111 3 2 5 2 7 2 3 2 7
1100011101001 7 5 13 11 19 337 5 7 17
1100011101111 13 113 3 179 17 3 353 11 3
1100011110111 7 13 3 17 43 3 73 7 3
1100100000001 37 2 3023 2 29 2 5 2 3767
1100100001011 3 2 3 2 7 2 3 2 3
1100100010001 3 11 11 3 5 2801 3 11 41
1100100010011 7 2 3 2 43 2 73 2 3
1100100011001 5 2 3 2 17 2 11 2 3
1100100011101 3 7 13 3 11 43 3 73 7
1100100100001 7 7 71 173 5 53 11 7 7
1100100100011 3 2 3 2 7 2 3 2 3
1100100100101 41 2 3 2 59 2 53 2 3
1100100100111 47 5 7 7 11 11 5 337 19
1100100101001 3 2 3 2 7 2 3 2 3
1100100111001 11 211 17 83 19 487 7 499 131
1100100111011 3 2 5 2 7 2 3 2 11
1100101000111 3 11 1129 3 17 241 3 59 83
1100101001101 3 5 43 3 19 11 3 11 61
1100101011001 3 37 307 3 59 2027 3 7 113
1100101100001 73 2 3 2 19 2 83 2 3
1100101100011 67 5 89 223 23 3557 5 53 36947
1100101100111 7 2 11 2 53 2 23 2 13
1100101110001 3 73 241 3 13 13 3 6151 53
1100101111101 3 109 3 3 17 3 3 23 3
1100110000011 3 2 3 2 7 2 3 2 3
1100110000101 47 2 3 2 17 2 31 2 3
1100110001001 3 2 3 2 7 2 3 2 3
1100110010001 5 2 3 2 43 2 17 2 3
1100110011111 7 13 3 31 43 3 13 7 3
1100110100001 3 2 3 2 7 2 3 2 3
1100110100111 3 2 5 2 7 2 3 2 11
1100110101111 5 7 3 277 29 3 677 31 3
1100110110011 3 2 5 2 7 2 3 2 11
1100110110111 29 11 3 7 17 3 79 10973 3
1100110111001 3 2 5 2 7 2 3 2 11
1100110111011 7 13 3 31 43 3 71 7 3
1100110111111 3 2 5 2 5 2 3 2 11
1100111010001 3 337 101 3 9661 23 3 118423 17
1100111010101 17 2 257 2 479 2 17 2 19
1100111010111 3 13 3 3 43 3 3 7 3
1100111011001 13 2 23 2 13 2 37 2 59
1100111100011 3 2 5 2 7 2 3 2 7
1100111101001 3 2 5 2 7 2 3 2 11
1100111101111 3 2 5 2 5 2 3 2 11
1100111110011 7 13 3 19 13 3 37 7 3
1100111110101 3 11 3 3 83 3 3 83 3
1100111110111 17 2 67 2 5 2 17 2 13
1100111111001 61 7 3 8641 47 3 13 31 3
1100111111011 3 2 5 2 5 2 3 2 11
1100111111111 5 37 29 7 1759 5 29 293 773
1101000000001 3 2 5 2 7 2 3 2 11
1101000000111 3 2 3 2 7 2 3 2 3
1101000001001 5 11 11 11 5 5 31 11 41
1101000001101 3 2 3 2 7 2 3 2 3
1101000011001 3 2 3 2 7 2 3 2 3
1101000011101 5 71 19 59 179 5 7 7 117673
1101000011111 3 2 5 2 7 2 3 2 7
1101000101011 3 5 29 3 73 59 3 7 1489
1101000110001 3 2 3 2 7 2 3 2 3
1101001000011 3 2 3 2 7 2 3 2 3
1101001000101 5 2 3 2 37 2 5 2 3
1101001001001 3 2 3 2 7 2 3 2 3
1101001001011 53 23 43 15101 45541 29 7 547 29
1101001001111 3 2 5 2 7 2 3 2 11
1101001010011 23 5 7 23 631 30449 5 199 7
1101001010111 11 2 37 2 31607 2 17 2 257
1101001100001 3 2 3 2 7 2 3 2 3
1101001100101 29 7 227 47 131 601 7 11 7
1101001100111 3 2 5 2 7 2 3 2 11
1101001101101 3 2 5 2 7 2 3 2 11
1101001101111 67 17 3 19 2917 3 29 571 3
1101001110001 7 5 61 11 23 337 5 7 13
1101001110101 13 2 7 2 17 2 67057 2 1013
1101001110111 5 7 3 29 7561 3 32257 1487 3
1101001111001 3 2 5 2 7 2 3 2 11
1101010010001 3 2 3 2 7 2 3 2 3
1101010010111 3 2 5 2 7 2 3 2 11
1101010011011 7 2 73 2 41 2 5 2 43
1101010011101 3 2 5 2 7 2 3 2 7
1101010011111 5 41 3 41 17 3 1997 11 3
1101010100001 17 2 3 2 17 2 17 2 3
1101010110011 5 2 23 2 28513 2 2131 2 7
1101010110101 3 2 5 2 7 2 3 2 11
1101010110111 7 5 3 31 13 3 5 7 3
1101010111011 3 17 3 3 19 3 3 317563 3
1101011000001 3 2 3 2 7 2 3 2 3
1101011000111 3 2 5 2 7 2 3 2 11
1101011001101 3 2 5 2 7 2 3 2 11
1101011010001 5 7 7 857 337 5 7 67 7
1101011010011 3 2 5 2 7 2 3 2 11
1101011011101 13 5 3 19 11 3 5 11 3
1101011100101 3 2 5 2 7 2 3 2 11
1101011100111 71 19 3 257 11 3 59 37 3
1101011101111 5 2 17 2 5 2 5 2 101
1101011110001 3 2 5 2 7 2 3 2 11
1101100000001 31 11 7 11 5 2801 23 11 19
1101100001001 3 2 3 2 7 2 3 2 3
1101100001111 3 2 5 2 7 2 3 2 11
1101100010101 3 7 13 3 31 43 3 73 7
10000000000101 7 13 3 31 11 3 73 7 3
10000000001001 59 11 3 163 23 3 1553 43943 3
10000000001101 3 2 5 2 7 2 3 2 11
10000000010011 3 2 5 2 7 2 3 2 11
10000000010111 5 11 11 11 5 5 31 11 41
10000000011001 3 2 5 2 7 2 3 2 7
10000000100001 5 13 3 29 43 3 73 7 3
10000000101111 7 2 3 2 43 2 41 2 3
10000000110111 3 2 3 2 7 2 3 2 3
10000000111101 3 2 3 2 7 2 3 2 3
10000000111111 5 1093 43 19531 263 5 7 163 61
10000001000011 3 2 5 2 7 2 3 2 11
10000001001001 3 2 5 2 7 2 3 2 11
10000001001011 7 7 67 17 5 151 23 7 7
10000001001111 3 2 3 2 7 2 3 2 3
10000001010101 3 11 11 3 5 13 3 11 41
10000001010111 17 2 3 2 1297 2 17 2 3
10000001011011 3 2 3 2 7 2 3 2 3
10000001011101 5 2 3 2 37 2 5 2 3
10000001100111 3 2 3 2 7 2 3 2 3
10000001110011 3 2 3 2 7 2 3 2 3
10000001110101 7 2 3 2 43 2 11 2 3
10000001111001 3 2 3 2 7 2 3 2 3
10000001111111 3 2 5 2 7 2 3 2 11
10000010000101 3 2 5 2 7 2 3 2 11
10000010001111 5 2 3 2 37 2 5 2 3
10000010010011 31 5 11 11 5 2801 5 11 7
10000010010101 19 181 1847 19 5 60331 11 157 16763
10000010011011 17 2 3 2 71 2 17 2 3
10000010011101 3 2 3 2 7 2 3 2 3
10000010101101 5 2 3 2 29 2 5 2 3
10000010110101 3 2 3 2 7 2 3 2 3
10000010110111 5 7 7 229 11 5 7 167 7
10000010111011 3 5 151 3 13 151 3 7 17
10000011000001 3 2 5 2 7 2 3 2 11
10000011000111 3 2 3 2 7 2 3 2 3
10000011001011 5 2 3 2 17 2 5 2 3
10000011001101 3 2 3 2 7 2 3 2 3
10000011001111 37 127 53 73 47 137 7 11 47
10000011010001 31 11 7 7 5 47 23 11 41
10000011010011 3 2 3 2 7 2 3 2 3
10000011010101 5 2 3 2 11 2 5 2 3
10000011011001 3 2 3 2 7 2 3 2 3
10000011011111 3 2 5 2 7 2 3 2 11
10000011100101 3 2 3 2 7 2 3 2 3
10000011101001 5 2 3 2 37 2 5 2 3
10000011111101 3 2 5 2 7 2 3 2 11
10000100000001 7 5 3 31 29 3 5 7 3
10000100000011 3 2 5 2 7 2 3 2 11
10000100001011 11 5 29 7 5 631 5 17 353
10000100001111 3 2 3 2 7 2 3 2 3
10000100011101 7 2 3 2 43 2 67 2 3
10000100100001 3 2 5 2 7 2 3 2 11
10000100100011 17 7 227 29 5 24329 13 293 7
10000100100111 3 2 3 2 7 2 3 2 3
10000100101011 7 2 3 2 13 2 73 2 3
10000100101111 5 317 89 7 3457 5 7 2017 421
10000100110011 3 2 3 2 7 2 3 2 3
10000100111001 3 2 3 2 7 2 3 2 3
10000100111101 67 5 43 103 13 29 5 547 19
10000100111111 3 2 5 2 7 2 3 2 11
10000101000111 7 2 3 2 43 2 73 2 3
10000101001011 3 2 3 2 7 2 3 2 3
10000101001101 5 2 3 2 37 2 5 2 3
10000101010001 3 5 229 3 5 23 3 8537 223
10000101010101 7 2 3 2 43 2 73 2 3
10000101100011 3 2 3 2 7 2 3 2 3
10000101110001 7 2 3 2 43 2 73 2 3
10000101110101 3 19 103 3 73 5 3 17 23
10000101111011 3 2 5 2 7 2 3 2 11
10000101111111 5 13 3 17 43 3 73 7 3
10000110000011 23 5 2551 151 5 5167 5 113 378953
10000110000111 3 2 3 2 7 2 3 2 3
10000110001001 5 37 11 7 5 5 1097 23 587
10000110001101 3 2 3 2 7 2 3 2 3
10000110010001 13 73 241 59 5 13 37 37 31
10000110010011 3 2 3 2 7 2 3 2 3
10000110011001 3 2 3 2 7 2 3 2 3
10000110011101 5 7 53 239 199 5 7 71 7
10000110011111 3 2 5 2 7 2 3 2 11
10000110100101 3 2 3 2 7 2 3 2 3
10000110100111 5 11 151 67 2207 5 7 103 23
10000110101001 7 2 3 2 23 2 73 2 3
10000110111011 5 2 461 2 193 2 1783 2 2079943
10000110111101 3 2 5 2 7 2 3 2 11
10000110111111 53 5 3 7 11 3 5 11 3
10000111000011 3 2 3 2 7 2 3 2 3
10000111000101 5 2 3 2 13 2 5 2 3
10000111001001 3 2 3 2 7 2 3 2 3
10000111001011 41 17 31 457 113 239 7 43 397051
10000111001111 3 2 5 2 7 2 3 2 7
10000111011011 3 2 5 2 7 2 3 2 11
10000111100001 3 2 3 2 7 2 3 2 3
10000111100111 3 2 5 2 7 2 3 2 11
10000111101101 3 2 5 2 7 2 3 2 11
10000111101111 7 13 3 19 19 3 53 7 3
10000111110111 5 17 3 337 17 3 23 9067 3
10000111111101 7 13 3 31 43 3 73 7 3
10000111111111 3 2 5 2 5 2 3 2 11
10001000000111 31 11 11 7 5 23 31 11 41
10001000010001 3 2 5 2 7 2 3 2 7
10001000010011 11 43 7 17 5 44453 13 673 941
10001000010111 3 2 3 2 7 2 3 2 3
10001000011101 3 2 3 2 7 2 3 2 3
10001000100111 7 2 3 2 43 2 73 2 3
10001000101001 3 7 13 3 5 5 3 29 7
10001000101101 13 2 3 2 13009 2 661 2 3
10001000110011 5 2 3 2 23 2 17 2 3
10001000110101 3 2 3 2 7 2 3 2 3
10001000111011 3 7 13 3 17 11 3 31 7
10001001000011 7 7 43 23 5 11 283 7 7
10001001000101 31 5 11 11 5 2801 5 11 41
10001001001101 3 2 3 2 7 2 3 2 3
10001001010011 3 2 3 2 7 2 3 2 3
10001001010101 11 2 3 2 19 2 17 2 3
10001001011001 3 2 3 2 7 2 3 2 3
10001001011111 3 2 5 2 7 2 3 2 11
10001001100001 13 73 241 601 5 13 37 6481 17
10001001100101 3 2 3 2 7 2 3 2 3
10001001101001 23 2 3 2 5189 2 11 2 3
10001001110001 3 2 3 2 7 2 3 2 3
10001001110111 3 2 5 2 7 2 3 2 11
10001001111101 3 2 5 2 7 2 3 2 7
10001010000011 3 11 7 3 5 5 3 11 17
10001010001011 37 2 3 2 263 2 226217 2 3
10001010001101 5 2 3 2 37 2 5 2 3
10001010010011 53 2 3 2 11 2 3253 2 3
10001010010101 3 2 3 2 7 2 3 2 3
10001010011001 17 2 3 2 149 2 17 2 3
10001010100101 7 2 3 2 43 2 73 2 3
10001010101011 5 227 5 17 619 5 7 5 1597
10001010111001 3 5 13 3 11 43 3 11 7
10001010111011 17 2 7 2 1297 2 11 2 73
10001011000001 7 7 11 11 5 2801 31 7 7
10001011000101 3 2 3 2 7 2 3 2 3
10001011001001 5 2 3 2 13 2 5 2 3
10001011001101 59 269 7 7 11 23 7 269 83
10001011011101 3 2 5 2 7 2 3 2 11
10001011100011 3 73 241 3 13 13 3 6481 47
10001011101001 3 17 7 3 19 11 3 23 67
10001011110011 23 2 7 2 4229 2 5 2 426743
10001011110101 3 2 5 2 7 2 3 2 11
10001011111111 17 2 11 2 5 2 17 2 41
10001100000101 5 7 191 2791 5 5 107 103 7
10001100000111 3 2 3 2 7 2 3 2 3
10001100001101 3 2 3 2 7 2 3 2 3
10001100001111 5 29 13 17 13 5 7 101 19
10001100010011 3 2 3 2 7 2 3 2 3
10001100010101 7 2 3 2 23 2 73 2 3
10001100011001 3 2 3 2 7 2 3 2 3
10001100011101 89 5 103 7 11 5419 5 89 17
10001100100011 5 2 3 2 17 2 73 2 3
10001100100101 3 2 3 2 7 2 3 2 3
10001100110001 3 2 3 2 7 2 3 2 3
10001100111001 71 1093 43 13 19 17 7 61 29
10001100111111 7 13 3 31 43 3 13 7 3
10001101000011 3 2 3 2 7 2 3 2 3
10001101001001 3 2 3 2 7 2 3 2 3
10001101001011 5 19 7 7 181 5 7 11 17
10001101001101 7 7 269 23 19 31 7 7 7
10001101011011 3 2 5 2 7 2 3 2 11
10001101011111 5 7 3 11 11 3 624251 37 3
10001101100001 3 2 3 2 7 2 3 2 3
10001101100101 13 73 23 179 13 13 7 19 9901
10001101101101 3 2 5 2 7 2 3 2 11
10001101110011 3 2 5 2 7 2 3 2 11
10001101110111 7 13 3 31 43 3 73 7 3
10001101111001 3 2 5 2 7 2 3 2 7
10001101111111 3 2 5 2 5 2 3 2 11
10001110000101 3 2 3 2 7 2 3 2 3
10001110000111 5 101 73 607 617 5 7 148157 18637
10001110001011 3 5 23 3 83 1019 3 46199 83
10001110011001 13 11 19 601 13 13 7 191 347
10001110011011 5 2 7 2 11 2 179 2 7
10001110100001 7 2 3 2 43 2 43 2 3
10001110101001 3 5 83 3 35291 2129 3 983 31
10001110101111 3 13 3 3 43 3 3 7 3
10001110110011 13 2 53 2 13 2 37 2 9901
10001110110101 3 2 5 2 7 2 3 2 11
10001110111011 3 17 3 3 20731 3 3 163 3
10001110111101 7 5 3 31 43 3 5 7 3
10001111000111 3 2 5 2 7 2 3 2 7
10001111001101 3 2 5 2 7 2 3 2 11
10001111010011 3 2 5 2 7 2 3 2 11
10001111011011 67 5 3 7 41 3 5 179 3
10001111100111 7 13 3 31 13 3 17 7 3
10001111101011 3 359 3 3 17 3 3 3049 3
10001111110101 5 13 3 31 43 3 73 7 3
10001111110111 3 2 5 2 5 2 3 2 11
10010000001001 3 2 5 2 7 2 3 2 7
10010000010101 3 7 13 3 5 23 3 17 7
10010000011011 3 2 3 2 7 2 3 2 3
10010000011101 5 2 3 2 37 2 5 2 3
10010000011111 7 23 239 73 68071 619 7 7 107
10010000100001 3 2 5 2 7 2 3 2 11
10010000100111 3 2 3 2 7 2 3 2 3
10010000101011 47 2 3 2 17 2 11887 2 3
10010000101101 3 2 3 2 7 2 3 2 3
10010000110011 3 2 3 2 7 2 3 2 3
10010000110111 73 17 7 251 55987 29 7 17 131
10010000111001 3 2 3 2 7 2 3 2 3
10010000111011 5 137 47 17 79 5 7 7 41
10010000111111 3 2 5 2 7 2 3 2 7
10010001000111 37 2 3 2 13 2 32833 2 3
10010001010001 3 23 7 3 5 11 3 38867 4451
10010001010011 17 2 3 2 1297 2 17 2 3
10010001011001 5 2 3 2 37 2 5 2 3
10010001011101 3 7 13 3 11 43 3 73 7
10010001100001 67 5 239 743 5 47 5 17 7
10010001100101 7 2 3 2 43 2 23 2 3
10010001101001 3 2 3 2 7 2 3 2 3
10010010000001 3 2 5 2 7 2 3 2 11
10010010000111 3 2 3 2 7 2 3 2 3
10010010001011 5 2 3 2 37 2 5 2 3
10010010001101 3 2 3 2 7 2 3 2 3
10010010001111 7 11 23 7 11 863 7 7 29
10010010010101 5 2 3 2 37 2 5 2 3
10010010011001 3 2 3 2 7 2 3 2 3
10010010011111 3 2 5 2 7 2 3 2 11
10010010100101 3 2 3 2 7 2 3 2 3
10010010101001 5 2 3 2 37 2 5 2 3
10010010110001 3 2 3 2 7 2 3 2 3
10010010110111 3 2 5 2 7 2 3 2 11
10010010111101 3 2 5 2 7 2 3 2 7
10010010111111 23 353 3 443 73 3 401 17 3
10010011000011 3 2 3 2 7 2 3 2 3
10010011001001 3 2 3 2 7 2 3 2 3
10010011010001 5 2 3 2 13 2 5 2 3
10010011010101 3 37 53 3 541 11 3 7 31
10010011011011 3 2 5 2 7 2 3 2 11
10010011100001 3 2 3 2 7 2 3 2 3
10010011101111 5 7 3 173 41 3 239237 907 3
10010011110001 7 7 19 29 84317 23 7 7 7
10010011111001 3 2 5 2 7 2 3 2 11
10010100001101 5 2 3 2 37 2 5 2 3
10010100010001 3 5 13 3 5 41 3 53 7
10010100010101 11 2 3 2 76157 2 23 2 3
10010100010111 3 79 7 3 13 5 3 69019 641
10010100011011 7 5 37 2017 163 3373 5 7 1160363
10010100100011 3 2 3 2 7 2 3 2 3
10010100100101 37 2 3 2 13 2 97 2 3
10010100101001 3 2 3 2 7 2 3 2 3
10010100101101 31 41 109 26953 11 241 7 4463 43
10010100101111 3 2 5 2 7 2 3 2 11
10010100110101 3 7 13 3 31 5 3 73 7
10010100110111 7 2 11 2 9043 2 5 2 791993
10010100111011 3 2 5 2 7 2 3 2 7
10010101000101 7 2 3 2 43 2 73 2 3
10010101001001 5 2 3 2 37 2 5 2 3
10010101010011 3 11 73 3 11 5 3 7 1260163
10010101010101 19 911 5 19 23 1973 7 5 17377
10010101011001 3 7 13 3 31 11 3 19 7
10010101011101 5 2 17 2 17 2 5 2 67
10010101100001 7 2 3 2 43 2 73 2 3
10010101100111 5 2 31 2 23 2 32257 2 7
10010101101111 7 5 3 23 11 3 5 7 3
10010101111011 5 293 3 19 853 3 11 101 3
10010101111101 3 7 3 3 31 3 3 7 3
10010110000011 3 2 3 2 7 2 3 2 3
10010110000101 5 2 3 2 37 2 5 2 3
10010110000111 13 11 7 769 36241 23059 7 23 13
10010110001001 3 2 3 2 7 2 3 2 3
10010110001111 3 2 5 2 7 2 3 2 11
10010110010001 59 2 3 2 367 2 2837 2 3
10010110011011 3 2 5 2 7 2 3 2 11
10010110100001 3 2 3 2 7 2 3 2 3
10010110100011 5 7 7 19 181 5 7 11 7
10010110101101 3 2 5 2 7 2 3 2 11
10010110111001 3 2 5 2 7 2 3 2 7
10010110111111 3 2 5 2 5 2 3 2 11
10010111000001 5 2 3 2 37 2 5 2 3
10010111000011 7 43 11 43 13 67 7 7 19
10010111001001 17 23 577 11 11 229 7 1049 2531
10010111001011 3 2 5 2 7 2 3 2 11
10010111010001 3 787 1103 3 17 17041 3 7 1723
10010111010101 5 2 17 2 13 2 5 2 101
10010111011101 3 601 3 3 157 3 3 11 3
10010111011111 5 2 17 2 5 2 5 2 101
10010111100011 3 2 5 2 7 2 3 2 11
10010111101001 3 2 5 2 7 2 3 2 11
10010111101101 7 13 3 19 17 3 73 7 3
10010111110011 5 733 3 7 46663 3 262153 31 3
10010111111101 5 2 17 2 5 2 5 2 101
10011000000001 3 2 5 2 7 2 3 2 7
10011000000111 3 2 3 2 7 2 3 2 3
10011000010011 3 2 3 2 7 2 3 2 3
10011000010111 7 157 2749 17 2297 163 7 7 6143
10011000011001 3 2 3 2 7 2 3 2 3
10011000100011 13 2 3 2 733 2 11 2 3
10011000100101 3 2 3 2 7 2 3 2 3
10011000101011 3 7 13 3 31 43 3 73 7
10011000101101 29 5 31 29 47 53 5 23 1823
10011000110001 3 2 3 2 7 2 3 2 3
10011000110011 7 1093 11 89 55987 29 7 7 239
10011000110111 3 2 5 2 7 2 3 2 7
10011000111101 3 2 5 2 7 2 3 2 11
10011001001001 3 2 3 2 7 2 3 2 3
10011001001111 3 2 5 2 7 2 3 2 11
10011001010001 17 2 3 2 61 2 11 2 3
10011001010101 3 5 13 3 17 43 3 73 7
10011001011011 3 2 5 2 7 2 3 2 7
10011001011111 11 5 3 631 19 3 5 107 3
10011001100001 3 2 3 2 7 2 3 2 3
10011001100011 31 31 421 199 347 11 7 381071 103
10011001100111 3 2 5 2 7 2 3 2 11
10011001101011 5 2 101 2 1193 2 695573 2 157
10011001101101 3 2 5 2 7 2 3 2 7
10011001110001 13 17 11 19 13 13 7 6481 113
10011001110011 3 2 5 2 7 2 3 2 11
10011001111101 59 5 3 17 25471 3 5 659 3
10011001111111 3 2 5 2 5 2 3 2 7
10011010000111 7 5 5081 7 13 47 5 7 17
10011010001001 5 2 3 2 23 2 5 2 3
10011010010001 3 2 3 2 7 2 3 2 3
10011010010101 7 11 1597 419 2017 65731 7 7 23
10011010010111 3 2 5 2 7 2 3 2 11
10011010011101 3 2 5 2 7 2 3 2 11
10011010100011 3 53 521 3 233 31 3 7 499
10011010100111 5 2 29 2 14593 2 11 2 31
10011010101001 3 7 13 3 31 23 3 73 7
10011010110101 3 2 5 2 7 2 3 2 7
10011010111011 3 7 3 3 31 3 3 73 3
10011011000111 3 2 5 2 7 2 3 2 11
10011011001101 3 2 5 2 7 2 3 2 11
10011011010011 3 2 5 2 7 2 3 2 11
10011011011001 3 2 5 2 7 2 3 2 7
10011011011111 3 2 5 2 5 2 3 2 11
10011011100011 5 2 7 2 181 2 449 2 17
10011011100101 3 2 5 2 7 2 3 2 11
10011011101011 3 5 3 3 1721 3 3 74573 3
10011011101101 5 17 3 14867 11 3 233 568273 3
10011011110001 3 2 5 2 7 2 3 2 11
10011011110011 13 73 3 59 13 3 37 463 3
10011011110111 3 2 5 2 5 2 3 2 11
10011011111001 11 11 3 32993 2647 3 71 131 3
10011011111011 17 2 79 2 5 2 17 2 73
10011011111101 3 2 5 2 5 2 3 2 7
10011100000011 3 2 3 2 7 2 3 2 3
10011100000101 7 2 3 2 43 2 73 2 3
10011100001001 3 2 3 2 7 2 3 2 3
10011100001111 3 2 5 2 7 2 3 2 11
10011100011011 3 2 5 2 7 2 3 2 11
10011100011111 5 349 3 7 13 3 23 17 3
10011100100001 3 2 3 2 7 2 3 2 3
10011100100111 3 2 5 2 7 2 3 2 11
10011100101001 5 11 11 73 73 5 7 19 569
10011100101111 7 13 3 29 43 3 73 7 3
10011100110001 79 29 43 17 55987 29 7 547 239
10011100110011 3 2 5 2 7 2 3 2 7
10011100111001 3 2 5 2 7 2 3 2 11
10011100111101 5 13 3 31 11 3 73 7 3
10011100111111 3 2 5 2 5 2 3 2 11
10011101001011 3 2 5 2 7 2 3 2 11
10011101001111 29 5 3 19 23 3 5 113131 3
10011101010001 3 7 13 3 31 5 3 73 7
10011101011101 3 29 3 3 24023 3 3 37 3
10011101100111 7 13 3 11 43 3 73 7 3
10011101101001 3 2 5 2 7 2 3 2 7
10011101101111 3 2 5 2 5 2 3 2 11
10011101110101 3 7 3 3 13 3 3 7 3
10011101111011 3 2 5 2 5 2 3 2 7
10011110000001 3 2 3 2 7 2 3 2 3
10011110000101 67 7 11 67 1009 13 7 29 7
10011110000111 3 2 5 2 7 2 3 2 11
10011110001101 3 2 5 2 7 2 3 2 11
10011110001111 13 31 3 23 53 3 105899 11 3
10011110010111 5 7 3 16943 1249 3 1171 12239 3
10011110011001 3 2 5 2 7 2 3 2 11
10011110101101 7 13 3 31 43 3 73 7 3
10011110110001 3 2 5 2 7 2 3 2 7
10011110110101 5 191 3 19 7673 3 17 7159 3
10011110111111 5 17 163 11 19 5 61 31 54979
10011111001001 3 2 5 2 7 2 3 2 11
10011111001011 61 61 3 7 13 3 977 401 3
10011111001101 23 7 3 491 941 3 317 11 3
10011111001111 3 2 5 2 5 2 3 2 11
10011111010011 5 911 3 23 17 3 221251 487 3
10011111010111 7 2 11 2 5 2 31 2 41
10011111011011 3 2 5 2 5 2 3 2 11
10011111011101 5 2 17 2 5 2 5 2 101
10011111100101 7 5 3 31 43 3 5 7 3
10011111100111 3 2 5 2 5 2 3 2 11
10011111101011 11 2 71 2 5 2 40253 2 2779253
10011111101101 3 2 5 2 5 2 3 2 11
10011111110111 13 73 241 29 13 13 37 401 409
10011111111001 3 2 5 2 5 2 3 2 7
10011111111011 5 19 7 101 23 5 23 11 17
10011111111111 3 2 3 2 7 2 3 2 3
10100000000001 7 13 3 31 43 3 73 7 3
10100000000101 3 2 5 2 7 2 3 2 11
10100000001011 3 61 1873 3 5 260551 3 1787 71
10100000001111 5 2 3 2 37 2 5 2 3
10100000010001 3 2 5 2 7 2 3 2 11
10100000010101 31 11 11 11 5 2801 31 11 17
10100000010111 3 2 3 2 7 2 3 2 3
10100000011101 3 2 3 2 7 2 3 2 3
10100000100111 19 2 3 2 11 2 59 2 3
10100000101011 7 2 3 2 43 2 73 2 3
10100000101101 5 2 3 2 37 2 5 2 3
10100000101111 3 1093 11 3 19 29 3 547 181
10100000110011 41 2 3 2 587 2 23 2 3
10100000110101 3 2 3 2 7 2 3 2 3
10100000111001 7 2 3 2 19 2 73 2 3
10100001000001 3 2 5 2 7 2 3 2 11
10100001000111 3 2 3 2 7 2 3 2 3
10100001001011 5 2 3 2 29 2 5 2 3
10100001010011 3 2 3 2 7 2 3 2 3
10100001010101 5 2 3 2 37 2 5 2 3
10100001011111 3 2 5 2 7 2 3 2 11
10100001100011 7 2 3 2 43 2 43 2 3
10100001100101 3 2 3 2 7 2 3 2 3
10100001101001 5 2 3 2 37 2 5 2 3
10100001110001 3 2 3 2 7 2 3 2 3
10100001111101 3 2 5 2 7 2 3 2 11
10100001111111 7 13 3 31 13 3 11 7 3
10100010000011 3 17 67 3 5 9743 3 523 1902617
10100010000111 5 2 3 2 37 2 5 2 3
10100010001011 97 2 3 2 13 2 23 2 3
10100010001101 7 2 3 2 43 2 73 2 3
10100010001111 3 61 223 3 23 41 3 11 331
10100010010001 5 11 11 11 5 5 31 11 41
10100010010011 13 2 3 2 1297 2 17 2 3
10100010011011 3 173 457 3 11 5 3 7 1535923
10100010011101 37 5 7127 173 13 53 5 227 967
10100010100101 5 2 3 2 37 2 5 2 3
10100010101001 7 2 3 2 43 2 11 2 3
10100010101111 5 2 17 2 37 2 5 2 7
10100011000011 5 2 3 2 11 2 5 2 3
10100011000101 3 2 3 2 7 2 3 2 3
10100011001001 53 2 3 2 167 2 1999 2 3
10100011001101 5 7 193 919 29 5 7 11 7
10100011010001 3 2 3 2 7 2 3 2 3
10100011010111 3 2 5 2 7 2 3 2 11
10100011100001 5 2 3 2 13 2 5 2 3
10100011100011 3 7 61 3 17 67 3 223 7
10100011101001 3 19 11 3 11 97 3 67 21911
10100011101011 5 2 17 2 37 2 5 2 13
10100011101111 3 13 3 3 43 3 3 7 3
10100011110001 47 569 13 4513 467 11 7 83 100153
10100011110101 3 2 5 2 7 2 3 2 11
10100011111101 7 13 3 17 43 3 73 7 3
10100011111111 5 2 17 2 5 2 5 2 101
10100100000111 3 2 3 2 7 2 3 2 3
10100100001011 7 2 3 2 43 2 73 2 3
10100100010101 13 2 3 2 431 2 11 2 3
10100100011001 3 2 3 2 7 2 3 2 3
10100100011011 17 263 29 22027 157 17 7 11 158449
10100100011101 5 17 37 293 73 5 7 137 3463
10100100100101 3 2 3 2 7 2 3 2 3
10100100101001 41 2 3 2 17 2 23 2 3
10100100101011 3 5 2153 3 397 97 3 83 1493
10100100101101 83 1093 7 11 61 13 7 19 67
10100100110111 3 2 5 2 7 2 3 2 11
10100100111001 61 23 193 43 11 32411 7 5717 2705951
10100100111101 3 2 5 2 7 2 3 2 7
10100101000011 3 2 3 2 7 2 3 2 3
10100101000101 5 2 3 2 37 2 5 2 3
10100101001001 3 2 3 2 7 2 3 2 3
10100101001101 97 23 31 937 11 487 7 269713 53
10100101001111 3 2 5 2 7 2 3 2 11
10100101010001 7 2 3 2 43 2 73 2 3
10100101011011 3 2 5 2 7 2 3 2 11
10100101011111 7 13 3 31 43 3 73 7 3
10100101100001 3 2 3 2 7 2 3 2 3
10100101100111 3 2 5 2 7 2 3 2 11
10100101101101 3 2 5 2 7 2 3 2 11
10100101110011 3 2 5 2 7 2 3 2 11
10100101111011 7 5 3 31 11 3 5 7 3
10100101111111 3 2 5 2 5 2 3 2 11
10100110000101 3 2 3 2 7 2 3 2 3
10100110001001 7 2 3 2 11 2 73 2 3
10100110001011 3 349 31 3 71 5 3 17 12161
10100110010001 3 2 3 2 7 2 3 2 3
10100110010111 3 2 5 2 7 2 3 2 11
10100110101111 3 43 3 3 12143 3 3 367 3
10100110110001 13 73 139 17 13 13 7 17 127
10100110110101 3 2 5 2 7 2 3 2 11
10100111000001 3 2 3 2 7 2 3 2 3
10100111000111 3 2 5 2 7 2 3 2 11
10100111001101 3 2 5 2 7 2 3 2 11
10100111001111 7 13 3 31 29 3 73 7 3
10100111010011 3 2 5 2 7 2 3 2 11
10100111011101 7 5 3 29 43 3 5 7 3
10100111011111 3 2 5 2 5 2 3 2 11
10100111100101 3 2 5 2 7 2 3 2 11
10100111101011 3 13 3 3 19 3 3 7 3
10100111101111 5 2 13 2 5 2 5 2 43
10100111110101 23 23 3 7 137 3 193 17 3
10100111111001 5 13 3 31 43 3 73 7 3
10100111111101 3 2 5 2 5 2 3 2 11
10101000000101 31 11 11 11 5 127 31 11 41
10101000000111 7 2 3 2 13 2 73 2 3
10101000001001 3 7 13 3 5 17 3 73 7
10101000001101 5 2 3 2 37 2 5 2 3
10101000010101 3 2 3 2 7 2 3 2 3
10101000011001 13 2 3 2 60913 2 103 2 3
10101000011011 3 5 11 3 31 13 3 73 7
10101000100001 3 31 79 3 5 5 3 31 56149
10101000100011 7 2 3 2 43 2 5 2 3
10101000101011 5 11 5 19531 13 5 7 5 239
10101000101101 3 7 13 3 31 43 3 73 7
100000000000001 5 2 17 2 37 2 5 2 29
100000000000011 7 13 3 31 43 3 61 7 3
100000000001011 3 2 5 2 7 2 3 2 11
100000000001111 23 7 11 11 5 17 31 11 7
100000000010001 3 7 3 3 31 3 3 7 3
100000000010101 5 2 17 2 11 2 5 2 47
100000000010111 3 67 41 3 5 41 3 1260767 19
100000000011101 3 1931 191 3 5 383291 3 109517 31
100000000011111 5 2 3 2 17 2 5 2 3
100000000100111 11 5 1733 127 5 13 5 23 43
100000000101001 3 2 5 2 7 2 3 2 7
100000000101101 7 37 569 23 5 59 70117 7 139
100000000101111 3 2 3 2 7 2 3 2 3
100000000110101 3 7 13 3 5 11 3 73 7
100000000110111 17 2 3 2 19 2 17 2 3
100000000111011 3 2 3 2 7 2 3 2 3
100000000111101 5 2 3 2 37 2 5 2 3
100000001001101 3 5 7 3 5 2801 3 11 41
100000001010001 5 2 11 2 37 2 5 2 101
100000001010011 3 17 3847 3 5 13 3 17 53
100000001010101 43 1783 5 29297 5 487 3301 5 157
100000001010111 7 2 3 2 11 2 73 2 3
100000001011001 3 7 13 3 5 43 3 29 7
100000001011011 5 2 3 2 37 2 5 2 3
100000001101011 3 2 3 2 7 2 3 2 3
100000001101111 5 307 37 17 4339 5 7 103 367
100000001110011 7 2 3 2 43 2 23 2 3
100000001111001 5 2 3 2 37 2 5 2 3
100000001111101 3 7 13 3 11 17 3 73 7
100000001111111 11 2 15991 2 270463 2 59 2 40637
100000010000001 7 13 3 31 43 3 73 7 3
100000010000011 3 2 5 2 7 2 3 2 11
100000010001001 3 2 5 2 7 2 3 2 11
100000010001011 13 11 11 7 5 79 31 11 41
100000010001101 5 7 47 8147 5 5 11 9739 7
100000010001111 3 2 3 2 7 2 3 2 3
100000010010101 3 37 23 3 5 20899 3 149 163
100000010010111 5 2 3 2 37 2 5 2 3
100000010011011 3 2 3 2 7 2 3 2 3
100000010011101 7 2 3 2 41 2 17 2 3
100000010100001 3 2 5 2 7 2 3 2 11
100000010100111 3 2 3 2 7 2 3 2 3
100000010101011 5 2 3 2 37 2 5 2 3
100000010101111 29 31 373 7 11 83 7 491 363799
100000010110011 3 2 3 2 7 2 3 2 3
100000010110101 5 2 3 2 13 2 5 2 3
100000010111001 3 2 3 2 7 2 3 2 3
100000010111111 3 2 5 2 7 2 3 2 11
100000011000111 7 2 3 2 43 2 73 2 3
100000011001001 5 11 11 11 5 5 31 11 41
100000011001011 3 2 3 2 7 2 3 2 3
100000011010011 5 2 3 2 37 2 5 2 3
100000011010101 7 2 3 2 23 2 53 2 3
100000011011101 3 107 163 3 20101 5 3 1601 9232117
100000011100011 3 2 3 2 7 2 3 2 3
100000011100101 37 2 3 2 59 2 1801 2 3
100000011101101 11 5 43 617 41 3623 5 8647 63589
100000011101111 3 2 5 2 7 2 3 2 11
100000011110001 5 2 3 2 37 2 5 2 3
100000011111011 3 2 5 2 7 2 3 2 11
100000011111101 127 2 97 2 2879 2 109 2 521
100000011111111 7 13 3 31 13 3 73 7 3
100000100000011 11 2 521 2 47 2 197 2 1884611
100000100000101 5 2 7 2 37 2 5 2 7
100000100000111 3 11 11 3 5 101 3 11 41
100000100001111 5 2 3 2 37 2 5 2 3
100000100010011 3 5 179 3 5 223 3 79 197
100000100011011 7 2 3 2 43 2 59 2 3
100000100011101 79 2 3 2 11 2 395849 2 3
100000100101001 7 17 37 1013 5 2027 17 7 421
100000100101101 5 2 3 2 37 2 5 2 3
100000100101111 11 7 7 29 19 569 7 17 7
100000100110001 3 5 13 3 5 43 3 73 7
100000100110111 3 907 53 3 131 5 3 7 1546093
100000100111101 3 89 7 3 17 11 3 11 251
100000101000001 5 2 17 2 13 2 5 2 17
100000101000011 3 223 19 3 5 31 3 43 13259
100000101000101 7 11 5 7 5 11 11 5 41
100000101001001 3 47 7 3 5 29 3 7867 19
100000101001011 5 2 3 2 37 2 5 2 3
100000101001101 73 2 3 2 19 2 29 2 3
100000101001111 3 19 71 3 499 2539 3 373 61
100000101010011 7 2 3 2 43 2 17 2 3
100000101010101 3 2 3 2 37 2 3 2 3
100000101011111 5 2 17 2 11 2 5 2 7
100000101100111 3 5 7 3 5059 23 3 361069 328897
100000101101001 5 2 3 2 37 2 5 2 3
100000101110001 11 2 3 2 41 2 47 2 3
100000101110011 3 43 37 3 11 5 3 11 277
100000101111001 3 7 13 3 31 43 3 53 7
100000101111101 5 2 17 2 37 2 5 2 101
100000110000011 31 11 11 11 5 2801 31 11 13
100000110000111 5 2 3 2 37 2 5 2 3
100000110001001 19 5 67 3253 5 139 5 31 7
100000110001011 3 2 3 2 7 2 3 2 3
100000110001101 97 2 3 2 13 2 571 2 3
100000110011001 7 2 3 2 43 2 11 2 3
100000110011011 5 7 6337 9463 11 5 7 1208561 7
100000110100011 3 2 3 2 7 2 3 2 3
100000110100101 5 2 3 2 23 2 5 2 3
100000110101111 3 2 5 2 7 2 3 2 11
100000111000001 3 11 11 3 5 2707 3 11 41
100000111000011 5 2 3 2 11 2 5 2 3
100000111001101 3 677 79 3 47 5 3 919 17
100000111010001 7 2 3 2 43 2 73 2 3
100000111010111 5 2 17 2 37 2 5 2 13
100000111011001 3 5 1489 3 127 67 3 113 659
100000111011111 3 13 3 3 19 3 3 7 3
100000111100001 5 2 3 2 37 2 5 2 3
100000111100011 101 19 13 10039 29 29 7 577 35803
100000111101011 3 2 5 2 7 2 3 2 11
100000111110101 5 2 17 2 37 2 5 2 101
100000111111011 7 13 3 31 43 3 73 7 3
100000111111111 5 2 11 2 5 2 5 2 41
100001000000001 61 17 3 7193 41 3 1741 11 3
100001000001001 3 2 5 2 7 2 3 2 11
100001000010111 7 2 3 2 43 2 11 2 3
100001000011101 5 2 3 2 37 2 5 2 3
100001000100001 3 2 5 2 7 2 3 2 7
100001000100111 3 2 3 2 7 2 3 2 3
100001000101101 3 2 3 2 7 2 3 2 3
100001000110001 5 47 11 2293 5 5 53 77999 61
100001000110011 3 2 3 2 7 2 3 2 3
100001000110101 17 2 3 2 17 2 17 2 3
100001000111111 3 2 5 2 7 2 3 2 11
100001001000001 7 2 11 2 144973 2 17 2 59
100001001000111 19 2 3 2 47 2 113 2 3
100001001001011 3 2 3 2 7 2 3 2 3
100001001001101 11 2 3 2 67 2 239 2 3
100001001001111 5 7 19 8887 11 5 7 7 7
100001001010001 3 7 13 3 5 43 3 17 7
100001001010111 3 5 12503 3 59 317 3 37 29
100001001011001 5 2 3 2 11 2 5 2 3
100001001100011 3 2 3 2 7 2 3 2 3
100001001100101 23 2 3 2 127 2 2999 2 3
100001001101001 3 2 3 2 7 2 3 2 3
100001001101011 7 5 83 197 281 20407 5 7 221999
100001001110101 3 5 13 3 31 43 3 71 7
100001001111001 7 11 379 62219 18077 23 7 7 53
100001001111011 3 2 5 2 7 2 3 2 7
100001010000001 3 2 5 2 7 2 3 2 11
100001010000111 3 2 3 2 7 2 3 2 3
100001010001011 5 2 3 2 11 2 5 2 3
100001010001101 3 2 3 2 7 2 3 2 3
100001010001111 11 887 13 68743 41 37 7 229 281
100001010010011 3 2 3 2 7 2 3 2 3
100001010010101 5 2 3 2 37 2 5 2 3
100001010011001 3 2 3 2 7 2 3 2 3
100001010011111 3 2 5 2 7 2 3 2 11
100001010100001 37 877 283 547 5 103 143287 19 8609
100001010100011 7 2 3 2 43 2 73 2 3
100001010100101 3 2 3 2 7 2 3 2 3
100001010101001 5 2 3 2 37 2 5 2 3
100001010101011 3 797 157 3 13 67 3 258673 17
100001010110001 3 2 3 2 7 2 3 2 3
100001010110111 3 2 5 2 7 2 3 2 11
100001010111101 3 2 5 2 7 2 3 2 11
100001010111111 7 13 3 11 11 3 73 7 3
100001011000011 3 2 3 2 7 2 3 2 3
100001011001001 3 2 3 2 7 2 3 2 3
100001011001101 7 5 37 61 277 13 5 7 7
100001011010001 5 2 3 2 37 2 5 2 3
100001011011001 109 29 7 37 13 113 7 17 31
100001011011011 3 2 5 2 7 2 3 2 11
100001011100001 3 2 3 2 7 2 3 2 3
100001011100111 3 2 5 2 7 2 3 2 11
100001011101001 7 1307 43 73 227 522283 7 7 19
100001011101101 3 2 5 2 7 2 3 2 11
100001011110011 3 2 5 2 7 2 3 2 11
100001011110111 7 5 3 31 43 3 5 7 3
100001011111001 3 2 5 2 7 2 3 2 7
100001011111011 13 2039 3 19 14011 3 80863 17 3
100001100000001 17 2 131 2 79 2 563 2 143719
100001100000101 3 19 37 3 5 117307 3 7 19
100001100001001 131 257 7 7 5 37 79 43801 23
100001100001011 3 2 3 2 7 2 3 2 3
100001100001101 5 2 3 2 17 2 5 2 3
100001100010011 7 2 3 2 41 2 73 2 3
100001100010101 13 2 3 2 4409 2 31 2 3
100001100011011 41 5 181 7 107 11 5 19 12251
100001100011101 3 29 11 3 29 31 3 103 1291
100001100100011 3 2 3 2 7 2 3 2 3
100001100101001 3 2 3 2 7 2 3 2 3
100001100101011 5 17 619 11 10211 5 7 109 1129
100001100101101 29 13 79 7 13 79 7 11 5169607
100001100110001 103 2 3 2 3697 2 277 2 3
100001101000011 67 2 3 2 17 2 97 2 3
100001101000101 17 2 3 2 23 2 101 2 3
100001101001001 5 2 3 2 13 2 5 2 3
100001101001011 7 7 11 19 17989 548953 7 7 7
100001101010011 3 29 353 3 3391 5 3 829 23
100001101010101 11 61 5 521 11 11 7 5 61
100001101011101 5 2 7 2 37 2 5 2 29
100001101100011 13 73 73 601 13 13 7 11 19
100001101101011 3 2 5 2 7 2 3 2 11
100001101110001 3 7 13 3 31 5 3 31 7
100001101110111 3 109 3 3 73 3 3 1747 3
100001101111101 3 17 3 3 47 3 3 59 3
100001110000011 3 2 3 2 7 2 3 2 3
100001110000101 5 2 3 2 37 2 5 2 3
100001110001111 3 2 5 2 7 2 3 2 11
100001110010001 7 2 3 2 11 2 31 2 3
100001110010101 3 97 47 3 401 3023 3 4783 41
100001110011111 7 11 3 31 43 3 17 7 3
100001110100001 3 2 3 2 7 2 3 2 3
100001110101101 3 2 5 2 7 2 3 2 11
100001110111011 7 5 3 31 43 3 5 7 3
100001110111111 3 2 5 2 5 2 3 2 11
100001111000001 5 2 3 2 37 2 5 2 3
100001111000101 3 17 19 3 2281 139 3 17 157
100001111001011 3 2 5 2 7 2 3 2 11
100001111010001 3 41 37 3 6073 5659 3 67493 3581
100001111010101 5 2 11 2 37 2 5 2 7
100001111010111 3 13 3 3 43 3 3 7 3
100001111011011 29 7 3 53 47 3 1481 11 3
100001111011111 5 2 13 2 5 2 5 2 31
100001111100011 3 2 5 2 7 2 3 2 11
100001111101001 3 2 5 2 7 2 3 2 11
100001111101111 3 2 5 2 5 2 3 2 11
100001111110011 5 13 3 31 43 3 11 7 3
100001111110101 3 29 3 3 131 3 3 37 3
100001111111101 5 2 17 2 5 2 5 2 17
100001111111111 13 7 8053 17 83 29 1013 71 7
100010000000001 3 7 3 3 11 3 3 7 3
100010000001101 3 5 151 3 5 79 3 19 137653
100010000001111 7 2 3 2 13 2 73 2 3
100010000010001 5 2 17 2 37 2 5 2 73
100010000010011 3 7 13 3 5 43 3 73 7
100010000011011 5 2 3 2 11 2 5 2 3
100010000011101 7 2 3 2 29 2 73 2 3
100010000100101 3 7 11 3 5 5 3 73 7
100010000101011 3 2 3 2 7 2 3 2 3
100010000110001 3 11 29 3 5 61 3 157 109
100010000110011 13 2 3 2 137 2 17 2 3
100010000110111 3 5 13 3 31 13 3 73 7
100010000111001 5 2 3 2 37 2 5 2 3
100010001000111 7 2 3 2 43 2 5 2 3
100010001001001 3 5 13 3 5 11 3 73 7
100010001010101 3 2 3 2 31 2 3 2 3
100010001011011 3 7 13 3 31 17 3 11 7
100010001011101 11 5 5 12569 17 53113 5 5 7164557
100010001100001 3 659 53 3 5 5 3 23 389
100010001100011 7 2 3 2 43 2 73 2 3
100010001101001 83 2 3 2 11 2 31 2 3
100010001101101 3 7 13 3 31 37 3 73 7
100010001110001 7 2 3 2 43 2 73 2 3
100010001110101 5 19 5 197 107 5 7 5 71
100010001110111 17 2 11 2 11 2 17 2 67
100010001111111 3 7 3 3 31 3 3 7 3
100010010001101 7 2 3 2 43 2 23 2 3
100010010010001 3 7 13 3 5 43 3 73 7
100010010010011 5 2 3 2 37 2 5 2 3
100010010010111 3 37 7 3 17 105499 3 43 4833193
100010010011001 17 2 3 2 13 2 17 2 3
100010010100011 3 2 3 2 7 2 3 2 3
100010010101001 3 2 3 2 7 2 3 2 3
100010010101111 3 2 5 2 7 2 3 2 11
100010010110001 5 2 3 2 37 2 5 2 3
100010010110011 43 151 7 23 11 89 7 173 4329737
100010010110101 3 7 13 3 31 43 3 19 7
100010010111001 73 1787 167 17 593 53 7 23 3036043
100010010111011 3 2 5 2 7 2 3 2 7
100010011000011 29 2 3 2 19 2 131 2 3
100010011000101 5 2 3 2 43 2 73 2 3
100010011001011 11 5 313 29 12269 103 5 19 131
100010011001101 3 67 23 3 13 11 3 463 9463
100010011010001 79 2 3 2 11 2 341191 2 3
100010011011001 3 7 13 3 23 5 3 47 7
100010011011101 17 2 41 2 353 2 17 2 73
100010011011111 3 5 3 3 29 3 3 665053 3
100010011100001 7 2 3 2 43 2 73 2 3
100010011100101 3 17 43 3 151 1571 3 37 127
100010011101011 3 2 5 2 7 2 3 2 11
100010011101111 7 13 3 31 43 3 11 7 3
100010011110011 19 2 11 2 283 2 11 2 29
100010011111101 3 5 3 3 31 3 3 7 3
100010011111111 17 2 257 2 5 2 17 2 23
100010100000001 5 2 17 2 37 2 5 2 101
100010100001011 5 2 3 2 37 2 5 2 3
100010100010101 3 2 3 2 37 2 3 2 3
100010100011001 7 2 3 2 43 2 73 2 3
100010100011101 13 7 5 17 10771 421 7 5 7
100010100011111 5 2 17 2 29 2 5 2 19
100010100100001 3 7 13 3 5 43 3 11 7
100010100101001 5 2 3 2 29 2 5 2 3
100010100101101 3 17 7 3 19 23 3 1094923 23
100010100110011 3 7 11 3 31 5 3 73 7
100010100111011 37 2 293 2 47 2 23 2 29
100010100111101 5 2 17 2 11 2 5 2 101
100010100111111 3 11 3 3 118163 3 3 71 3
100010101000011 7 2 3 2 43 2 11 2 3
100010101000101 3 2 3 2 17 2 3 2 3
100010101000111 5 97 5 7 2767 5 7 5 59
100010101010001 3 2 3 2 13 2 3 2 3
100010101011011 5 2 17 2 37 2 5 2 79
100010101011111 7 13 3 31 43 3 71 5 3
100010101100101 5 61 5 23 11 5 7 5 9091
100010101101001 3 7 13 3 17 43 3 73 7
100010101110101 3 2 13 2 31 2 3 2 7
100010101111001 5 2 17 2 37 2 5 2 43
100010101111011 3 7 3 3 23 3 3 7 3
100010110000011 5 2 3 2 37 2 5 2 3
100010110001001 7 2 3 2 43 2 47 2 3
100010110001101 3 59 11 3 11 5 3 283 2539
100010110010101 47 11 5 18401 227 599413 7 5 17
100010110010111 5 2 17 2 37 2 5 2 7
100010110011001 3 5 101 3 571 509 3 11 19
100010110100001 5 2 3 2 11 2 5 2 3
100010110100111 11 2 7 2 179 2 337 2 19
100010110101011 3 2 5 2 7 2 3 2 11
100010110110001 3 7 13 3 31 11 3 29 7
100010110110011 7 2 37 2 911 2 313 2 23
100010110110101 5 2 7 2 17 2 5 2 101
100010110110111 3 17 3 3 13 3 3 11 3
100010110111111 5 2 17 2 5 2 5 2 101
100010111000001 7 2 3 2 43 2 73 2 3
100010111000011 3 1721 43 3 769 953 3 17 17
100010111001001 3 211 2143 3 73 5 3 839 43
100010111001101 107 2 107 2 23 2 8839 2 7
100010111001111 3 5 3 3 11 3 3 7 3
100010111010011 5 2 17 2 13 2 5 2 101
100010111010111 19 149 3 7 254197 3 1753 5 3
100010111011011 3 1973 3 3 17 3 3 7757 3
100010111011101 5 13 3 19 19 3 73 5 3
100010111011111 31 2 11 2 5 2 31 2 7
100010111100101 29 2 127 2 103 2 29 2 79
100010111100111 3 607 3 3 19 3 3 281 3
100010111101001 11 2 11 2 83 2 41 2 77237
100010111101011 7 13 3 11 29 3 23 7 3
100010111110001 5 2 17 2 19 2 5 2 17
100010111111001 3 7 3 3 31 3 3 7 3
100010111111011 5 2 17 2 5 2 5 2 101
100010111111101 19 2 53 2 5 2 43 2 19
100011000000111 7 2 3 2 11 2 73 2 3
100011000001111 5 1579 283 7 163 5 7 227 610837
100011000010001 3 409 11 3 5 137 3 1511 677
100011000010101 7 2 3 2 13 2 73 2 3
100011000010111 3 5 61 3 521 56597 3 107 1049
100011000011001 5 2 3 2 37 2 5 2 3
100011000100011 3 2 3 2 7 2 3 2 3
100011000101001 3 2 3 2 7 2 3 2 3
100011000110001 7 2 3 2 43 2 17 2 3
100011000111011 3 2 5 2 7 2 3 2 11
100011000111111 7 5 3 31 43 3 5 7 3
100011001000001 3 7 13 3 5 5 3 19 7
100011001001001 19 2 3 2 41 2 11 2 3
100011001001011 5 19 7 101 71 5 7 11 17
100011001001111 41 2 41 2 137 2 5 2 1283
100011001010011 3 5 13 3 11 43 3 61 7
100011001011001 3 11 7 3 941 11 3 87559 157
100011001011011 7 2 379 2 809 2 13381 2 1321
100011001011111 3 197 3 3 13 3 3 191 3
100011001100001 43 2 3 2 17 2 283 2 3
100011001100101 3 7 13 3 31 43 3 73 7
100011001101001 5 1493 11 79 6037 5 7 7 43
100011001101011 3 2 5 2 7 2 3 2 7
100011001101101 11 2 7 2 13 2 5 2 79777
100011001110101 17 2 19 2 1297 2 17 2 73
100011001110111 3 7 3 3 31 3 3 7 3
100011010000011 3 2 3 2 7 2 3 2 3
100011010000101 7 2 3 2 23 2 73 2 3
100011010000111 5 7 11 1153 13597 5 7 17 7
100011010001001 3 2 3 2 7 2 3 2 3
100011010010001 5 2 3 2 37 2 5 2 3
100011010010011 7 127 41 29129 223 83 7 7 9463
100011010011011 3 2 5 2 7 2 3 2 11
100011010100001 3 2 3 2 7 2 3 2 3
100011010101101 3 2 5 2 7 2 3 2 11
100011010101111 5 13 3 31 19 3 73 7 3
100011010110011 3 2 5 2 7 2 3 2 7
100011010111001 3 2 5 2 7 2 3 2 11
100011010111101 7 13 3 31 43 3 11 7 3
100011011001011 3 2 5 2 7 2 3 2 11
100011011010001 3 7 13 3 31 37 3 53 7
100011011010111 3 53 3 3 11 3 3 29 3
100011011011101 3 5 3 3 877 3 3 139 3
100011011100111 7 13 3 31 43 3 13 7 3
100011011101001 3 2 5 2 7 2 3 2 7
100011011101011 5 23 3 379 59 3 71 1738699 3
100011011110101 3 7 3 3 31 3 3 7 3
100011011111011 3 2 5 2 5 2 3 2 7
100011011111101 17 2 257 2 5 2 17 2 59
100011100000001 3 179 43 3 5 11 3 421 17
100011100000011 7 2 3 2 43 2 73 2 3
100011100000111 3 5 37 3 13 117307 3 199 19
100011100001001 5 2 3 2 37 2 5 2 3
100011100010001 7 2 3 2 43 2 11 2 3
100011100010101 31 7 5 60259 23 211 7 5 7
100011100011101 5 2 13 2 19 2 5 2 101
100011100011111 3 13 3 3 43 3 3 7 3
100011100100101 3 5 7 3 269 97 3 6173 331
100011100101011 3 2 5 2 7 2 3 2 11
100011100111011 5 13 3 31 43 3 73 7 3
100011101000011 3 5 103 3 223 11 3 11 1229
100011101000101 5 233 5 191 19 5 7 5 1483
100011101000111 71 2 23 2 17 2 97 2 7
100011101010111 7 5 3 23 43 3 5 5 3
100011101011001 5 2 11 2 13 2 5 2 101
100011101100001 3 5 11 3 31 31 3 73 7
100011101101011 47 5 3 33637 17 3 5 29 3
100011101101101 3 11 3 3 53 3 3 17 3
100011101110011 3 7 3 3 13 3 3 7 3
100011101110101 11 5 3 53 11 3 5 5 3
100011101111001 3 401 3 3 67 3 3 11 3
100011110000001 5 2 3 2 19 2 5 2 3
100011110001011 3 2 5 2 7 2 3 2 11
100011110001111 7 13 3 31 43 3 73 7 3
100011110010101 5 2 17 2 37 2 5 2 101
100011110011101 3 13 3 3 11 3 3 7 3
100011110011111 5 2 17 2 5 2 5 2 13
100011110100011 3 2 5 2 7 2 3 2 11
100011110101001 3 2 5 2 7 2 3 2 11
100011110101011 7 11 3 31 43 3 11 7 3
100011110110101 3 19 3 3 127 3 3 29 3
100011110111001 7 13 3 31 43 3 73 7 3
100011110111011 3 2 5 2 5 2 3 2 11
100011110111101 5 2 17 2 5 2 5 2 7
100011111000101 19 2 1381 2 11 2 251 2 7
100011111000111 3 13 3 3 43 3 3 7 3
100011111001101 3 5 3 3 4421 3 3 233159 3
100011111001111 31 2 11 2 5 2 31 2 19
100011111010001 5 2 17 2 37 2 5 2 67
100011111010011 3 647 3 3 887 3 3 11239 3
100011111010101 7 13 3 11 43 3 73 5 3
100011111011011 5 2 17 2 5 2 5 2 101
100011111011111 3 17 2647 3 11 23 3 107 383
100011111100011 7 5 3 19 43 3 5 7 3
100011111100111 79 2 8311 2 5 2 5869 2 149
100011111101001 41 11 3 17 13 3 181 647 3
100011111101011 3 2 5 2 5 2 3 2 11
100011111101111 5 7 401 131 29 5 4483 276961 7
100011111110001 3 7 3 3 17 3 3 7 3
100011111110101 13 2 37 2 5 2 113 2 53
100011111110111 3 5 23 3 23 29 3 19 9001
100011111111001 5 2 17 2 5 2 5 2 101
100011111111111 7 2 3 2 43 2 73 2 3
100100000000011 3 2 5 2 7 2 3 2 11
100100000001001 3 2 5 2 7 2 3 2 7
100100000001101 5 11 11 11 5 5 31 7 29
100100000010101 3 7 13 3 5 31 3 73 7
100100000010111 5 2 3 2 37 2 5 2 3
100100000011011 3 2 3 2 7 2 3 2 3
100100000100001 3 2 5 2 7 2 3 2 11
100100000100111 3 2 3 2 7 2 3 2 3
100100000101001 7 19 3943 967 5 13633 53 7 29453
100100000101011 5 2 3 2 37 2 5 2 3
100100000101101 3 2 3 2 7 2 3 2 3
100100000110011 3 2 3 2 7 2 3 2 3
100100000110101 5 2 3 2 37 2 5 2 3
100100000111111 3 2 5 2 7 2 3 2 7
100100001000101 3 5 11597 3 5 131 3 7 149
100100001001001 5 709 7 683 5 5 11 601 269
100100001010011 5 2 3 2 37 2 5 2 3
100100001010111 3 23 29 3 97 670507 3 44263 41
100100001011101 3 7 13 3 31 5 3 17 7
100100001101001 3 2 3 2 7 2 3 2 3
100100001101111 3 2 5 2 7 2 3 2 11
100100001110001 5 2 3 2 17 2 5 2 3
100100001110011 17 7 881 73 317 13 7 79 7
100100001111011 3 2 5 2 7 2 3 2 11
100100010000111 3 2 3 2 7 2 3 2 3
100100010001001 31 11 11 11 5 47 31 11 41
100100010001011 7 2 3 2 29 2 73 2 3
100100010001101 3 2 3 2 7 2 3 2 3
100100010010011 3 2 3 2 7 2 3 2 3
100100010010101 17 2 3 2 139 2 17 2 3
100100010011001 3 2 3 2 7 2 3 2 3
100100010100011 5 2 3 2 37 2 5 2 3
100100010100101 3 2 3 2 7 2 3 2 3
100100010100111 7 7 73 281 179 17 7 7 7
100100010101001 11 2 3 2 13 2 196117 2 3
100100010110001 3 2 3 2 7 2 3 2 3
100100010110111 3 2 5 2 7 2 3 2 11
100100010111011 43 2 787 2 89 2 179 2 17
100100010111101 3 2 5 2 7 2 3 2 7
100100011000011 3 2 3 2 7 2 3 2 3
100100011000101 13 2 3 2 73 2 179 2 3
100100011000111 31 5 13 53 271 11 5 23 17
100100011001001 3 2 3 2 7 2 3 2 3
100100011010001 7 2 3 2 43 2 11 2 3
100100011011111 5 13 3 11 43 3 73 7 3
100100011100001 3 2 3 2 7 2 3 2 3
100100011101001 5 17 563 1231 123439 5 7 353 43
100100011101101 3 2 5 2 7 2 3 2 11
100100011110001 71 7 587 11 13 41 7 223 7
100100011110011 3 2 5 2 7 2 3 2 11
100100011111011 7 11 3 31 43 3 73 7 3
100100100000101 3 11 11 3 5 13 3 11 41
100100100000111 5 2 3 2 37 2 5 2 3
100100100001111 59 7 7 23 17 53 7 3251 7
100100100010001 3 7 13 3 5 5 3 73 7
100100100100001 97 541 2081 67 5 173 17 13 17
100100100100011 3 2 3 2 7 2 3 2 3
100100100100101 5 2 3 2 11 2 5 2 3
100100100100111 61 283 19 9337 193 5413 7 17 29
100100100101001 3 2 3 2 7 2 3 2 3
100100100101101 11 2129 37 59 29 17 7 1381871 179
100100100101111 3 2 5 2 7 2 3 2 11
100100100110101 3 7 13 3 31 43 3 73 7
100100100111001 5 1123 7 11 41 5 7 2939 43
100100100111011 3 2 5 2 7 2 3 2 7
1000000000000001 3 2 5 2 7 2 3 2 7
1000000000000101 13 11 3 4751 173 3 53 109 3
1000000000000111 3 2 5 2 7 2 3 2 11
1000000000001001 73 5 3 19 19 3 5 19 3
1000000000010011 3 2 5 2 7 2 3 2 7
1000000000011001 3 2 5 2 7 2 3 2 11
1000000000011011 5 1567 15559 6197 5 5 1031 7 83
1000000000011111 3 2 3 2 7 2 3 2 3
1000000000100101 3 2 5 2 7 2 3 2 7
1000000000101011 3 7 13 3 5 43 3 73 7
1000000000101111 5 2 3 2 37 2 5 2 3
1000000000110001 3 2 5 2 7 2 3 2 11
1000000000110101 23 17 11 23 5 299699 43 239 59
1000000000110111 3 2 3 2 7 2 3 2 3
1000000000111011 17 2 3 2 73 2 17 2 3
1000000001000011 3 2 5 2 7 2 3 2 11
1000000001001001 3 2 5 2 7 2 3 2 7
1000000001001111 3 2 3 2 7 2 3 2 3
1000000001010101 3 7 13 3 5 17 3 53 7
1000000001010111 5 2 3 2 37 2 5 2 3
1000000001011001 11 5 281 101 5 67 5 13 19
1000000001011011 3 2 3 2 7 2 3 2 3
1000000001011101 17 2 3 2 1297 2 11 2 3
1000000001011111 59 113 7 157 19 1399 7 43 107
1000000001100001 3 2 5 2 7 2 3 2 11
1000000001100011 23 19 11 105491 5 47 11117 1787 127
1000000001100111 3 2 3 2 7 2 3 2 3
1000000001101011 5 2 3 2 37 2 5 2 3
1000000001101101 3 2 3 2 7 2 3 2 3
1000000001110011 3 2 3 2 7 2 3 2 3
1000000001110101 5 2 3 2 37 2 5 2 3
1000000001111011 31 557 7 19 23 1129 7 5441 241
1000000001111101 7 19 43 17 55987 23 7 7 31
1000000001111111 3 2 5 2 7 2 3 2 7
1000000010000101 3 2 5 2 7 2 3 2 11
1000000010010001 3 2 5 2 7 2 3 2 7
1000000010011001 7 1667 179 13 5 11 23 7 311
1000000010011011 11 2 3 2 13 2 47 2 3
1000000010100011 3 1259 421 3 5 8893 3 67 17
1000000010100111 5 2 3 2 37 2 5 2 3
1000000010101001 3 5 13 3 5 43 3 73 7
1000000010110011 47 2 3 2 11 2 204311 2 3
1000000010110101 3 2 3 2 7 2 3 2 3
1000000010111001 31 2 3 2 1373 2 11 2 3
1000000010111011 3 7 13 3 31 5 3 73 7
1000000011000111 3 2 3 2 7 2 3 2 3
1000000011001101 3 2 3 2 7 2 3 2 3
1000000011010001 7 5 19 347 5 1022633 5 7 29761
1000000011010011 3 2 3 2 7 2 3 2 3
1000000011011001 3 2 3 2 7 2 3 2 3
1000000011011111 3 2 5 2 7 2 3 2 11
1000000011100011 5 2 3 2 37 2 5 2 3
1000000011110001 3 2 3 2 7 2 3 2 3
1000000011110111 3 2 5 2 7 2 3 2 11
1000000011111001 137 5 7 113 83 467 5 2129 17
1000000011111101 3 2 5 2 7 2 3 2 7
1000000100000001 5 19 3 281 71 3 17 691399 3
1000000100000011 3 2 5 2 7 2 3 2 11
1000000100000111 17 7 107 36931 5 13 11 271333 7
1000000100001001 3 2 5 2 7 2 3 2 11
1000000100010001 19 2 733 2 231613 2 5 2 16661
1000000100010111 7 2 3 2 11 2 73 2 3
1000000100011011 3 2 3 2 7 2 3 2 3
1000000100011111 5 823 337 7 61 5 7 563 857
1000000100100001 3 2 5 2 7 2 3 2 7
1000000100100011 13 5 19 61 5 439 5 743 89
1000000100100101 7 151 13883 239 5 193 103 7 331
1000000100101001 5 53 7 11 5 5 116089 43 167
1000000100101101 3 2 3 2 7 2 3 2 3
1000000100110011 3 2 3 2 7 2 3 2 3
1000000100110101 11 2 3 2 15791 2 89 2 3
1000000100111001 3 2 3 2 7 2 3 2 3
1000000101000101 3 127 7 3 5 1783 3 641 59
1000000101000111 5 2 3 2 37 2 5 2 3
1000000101001011 3 2 3 2 7 2 3 2 3
1000000101010001 3 7 13 3 5 5 3 73 7
1000000101011011 5 11 7 5881 83 5 7 257239 20959
1000000101100011 3 2 3 2 7 2 3 2 3
1000000101100101 5 2 3 2 11 2 5 2 3
1000000101101001 3 2 3 2 7 2 3 2 3
1000000101101111 3 2 5 2 7 2 3 2 11
1000000101110011 31 5 379 31387 257 11 5 23 67
1000000101110101 3 7 13 3 31 43 3 73 7
1000000101111001 5 2447 103 43 17 5 7 7 41
1000000101111011 3 2 5 2 7 2 3 2 7
1000000110000001 3 2 5 2 7 2 3 2 11
1000000110000101 71 5 9811 73 5 678499 5 19 7
1000000110000111 3 2 3 2 7 2 3 2 3
1000000110001011 13 2 3 2 3491 2 881 2 3
1000000110001101 3 2 3 2 7 2 3 2 3
1000000110010001 41 137 431 53 5 229849 11 229 157
1000000110010011 3 2 3 2 7 2 3 2 3
1000000110010101 7 2 3 2 43 2 73 2 3
1000000110011111 3 2 5 2 7 2 3 2 11
1000000110100001 5 67 137 65437 5 5 101363 101 3947809
1000000110100011 7 2 3 2 43 2 73 2 3
1000000110101011 3 29 19661 3 113 5 3 11 43
1000000110110001 3 2 3 2 7 2 3 2 3
1000000110110111 3 2 5 2 7 2 3 2 11
1000000110111111 5 13 3 19 19 3 11 7 3
1000000111000011 3 2 3 2 7 2 3 2 3
1000000111001111 3 2 5 2 7 2 3 2 11
1000000111011001 13 127 7 13 11 103 7 19 499
1000000111100001 3 2 3 2 7 2 3 2 3
1000000111100111 3 2 5 2 7 2 3 2 11
1000000111101011 79 2 31 2 21521 2 1471 2 29
1000000111101101 3 2 5 2 7 2 3 2 11
1000000111110011 3 2 5 2 7 2 3 2 11
1000000111110111 7 13 3 23 43 3 71 7 3
1000000111111001 3 2 5 2 7 2 3 2 7
1000000111111011 5 23 3 11 13619 3 61 307 3
1000000111111101 107 5 3 83 4957 3 5 23 3
1000000111111111 3 2 5 2 5 2 3 2 11
1000001000000011 83 2 7 2 19 2 387503 2 20161
1000001000000101 3 2 5 2 7 2 3 2 11
1000001000001011 3 17 67 3 5 13 3 13 1301
1000001000001101 13 7 5531 17 5 17 11 7001 7
1000001000001111 5 2 3 2 37 2 5 2 3
1000001000010001 3 2 5 2 7 2 3 2 11
1000001000010011 7 5 163 37 5 23 5 7 17
1000001000010111 3 2 3 2 7 2 3 2 3
1000001000011101 3 2 3 2 7 2 3 2 3
1000001000100011 3 7 13 3 5 5 3 19 7
1000001000101101 5 2 3 2 11 2 5 2 3
1000001000110111 5 17 953 7607 17 5 7 37 349
1000001000111001 17 2 3 2 197 2 17 2 3
1000001000111011 3 5 7 3 13 139 3 4604791 1993561
1000001001000001 3 2 5 2 7 2 3 2 7
1000001001000111 3 2 3 2 7 2 3 2 3
1000001001001011 5 2 3 2 37 2 5 2 3
1000001001001101 3 2 3 2 7 2 3 2 3
1000001001010011 3 2 3 2 7 2 3 2 3
1000001001010101 5 2 3 2 37 2 5 2 3
1000001001011001 3 2 3 2 7 2 3 2 3
1000001001011101 23 17 239 41 3001 11 7 23 23
1000001001011111 3 2 5 2 7 2 3 2 11
1000001001100101 3 2 3 2 7 2 3 2 3
1000001001100111 7 5 1609 59 5101 2161 5 7 23
1000001001101001 5 2 3 2 37 2 5 2 3
1000001001101011 3 7 13 3 31 43 3 47 7
1000001001110101 7 37 47 103 30169 5347 7 7 835721
1000001001110111 3 2 5 2 7 2 3 2 7
1000001001111001 127 1093 11 37 11 29 7 547 239
1000001001111101 3 2 5 2 7 2 3 2 11
1000001010000111 5 2 3 2 37 2 5 2 3
1000001010001001 3 5 43 3 5 1264829 3 13 85453
1000001010001101 19 2 3 2 13 2 21107 2 3
1000001010010001 5 19 691 18593 5 5 313 7 619
1000001010010101 3 2 3 2 7 2 3 2 3
1000001010100001 3 7 11 3 5 43 3 73 7
1000001010100101 5 2 3 2 37 2 5 2 3
1000001010101001 13 2 3 2 16921 2 23 2 3
1000001010101011 11 61 5 521 11 11 7 5 29
1000001010101101 3 463 67 3 46817 127 3 7 9749
1000001010101111 5 2 17 2 19 2 5 2 101
1000001010110011 3 5 13 3 29 37 3 73 7
1000001010111011 7 2 9007 2 251 2 1693 2 109
1000001011000011 5 2 3 2 13 2 5 2 3
1000001011001101 5 19 647 79 17 5 7 29 929
1000001011010001 3 2 3 2 7 2 3 2 3
1000001011010111 3 2 5 2 7 2 3 2 11
1000001011011011 139 2 29 2 3137 2 3947 2 79
1000001011011101 3 2 5 2 7 2 3 2 11
1000001011100001 5 2 3 2 19 2 5 2 3
1000001011100011 3 11 7 3 67 1536187 3 79 1609
1000001011101001 3 7 13 3 31 17 3 73 7
1000001011101011 5 2 17 2 37 2 5 2 101
1000001011110011 7 2 11 2 65447 2 59 2 31
1000001011110101 3 2 5 2 7 2 3 2 7
1000001011111011 3 7 3 3 31 3 3 43 3
1000001011111111 5 2 7 2 5 2 5 2 101
1000001100000001 3 2 5 2 7 2 3 2 11
1000001100010001 13 73 61 109 5 13 37 6481 23
1000001100010011 3 2 3 2 7 2 3 2 3
1000001100011001 3 2 3 2 7 2 3 2 3
1000001100011111 3 2 5 2 7 2 3 2 11
1000001100100101 3 2 3 2 7 2 3 2 3
1000001100100111 5 701 2591 2267 19 5 7 277 67
1000001100110001 3 2 3 2 7 2 3 2 3
1000001100111001 7 29 109 7 283 109 7 7 103
1000001100111011 5 2 29347 2 197 2 101 2 31
1000001100111101 3 2 5 2 7 2 3 2 11
1000001101000011 3 2 3 2 7 2 3 2 3
1000001101000101 5 2 3 2 13 2 5 2 3
1000001101001111 3 2 5 2 7 2 3 2 11
1000001101011001 5 19 5851 11 499673 5 7 79 139
1000001101011011 3 2 5 2 7 2 3 2 11
1000001101100001 3 2 3 2 7 2 3 2 3
1000001101101101 3 2 5 2 7 2 3 2 11
1000001101110011 3 2 5 2 7 2 3 2 7
1000001101110111 5 19 3 19 103 3 137 179 3
1000001101111001 3 2 5 2 7 2 3 2 11
1000001101111011 97 5 3 33347 17 3 5 919 3
1000001101111101 41 11 3 113 18311 3 11 1871 3
1000001110000011 131 2 3 2 17 2 11 2 3
1000001110000101 3 2 3 2 7 2 3 2 3
1000001110001101 7 5 11 317 47881 2677 5 7 13
1000001110010001 3 2 3 2 7 2 3 2 3
1000001110010011 13 37 241 149 13 11 7 6481 53
1000001110010101 5 11 131 7 17 5 7 867401 2104273
1000001110010111 3 2 5 2 7 2 3 2 11
1000001110011001 59 7 7 19 173 17 7 11 7
1000001110011101 3 2 5 2 7 2 3 2 11
1000001110100001 31 2 3 2 13 2 647 2 3
1000001110100101 67 29 19 11 42391 131 7 23 23
1000001110101001 3 43 31 3 147137 5 3 7 33547
1000001110101111 3 1531 3 3 167 3 3 7703 3
1000001110110111 7 5 3 31 43 3 5 7 3
1000001110111111 29 2 7541 2 5 2 227 2 19
1000001111000001 3 2 3 2 7 2 3 2 3
1000001111000011 89 1229 7 7 10847 37 7 25951 71
1000001111000101 7 7 137 181 11 17 7 7 7
1000001111000111 3 2 5 2 7 2 3 2 11
1000001111001101 3 2 5 2 7 2 3 2 11
1000001111010001 5 397 7 191 577 5 7 29 19
1000001111010011 3 2 5 2 7 2 3 2 11
1000001111011001 3 2 5 2 7 2 3 2 11
1000001111011111 3 2 5 2 5 2 3 2 11
1000001111100101 3 2 5 2 7 2 3 2 11
1000001111101011 3 983 3 3 13 3 3 17 3
1000001111101111 5 2 17 2 5 2 5 2 7
1000001111110001 3 2 5 2 7 2 3 2 7
1000001111110011 17 5 3 173 11 3 5 19 3
1000001111110101 11 67 3 2699 67477 3 6317 11 3
1000001111110111 3 2 5 2 5 2 3 2 11
1000010000000011 3 2 5 2 7 2 3 2 7
1000010000000111 73 1759 10657 11 5 151 61 23 907
1000010000001001 3 2 5 2 7 2 3 2 11
1000010000001011 7 11 1811 139 5 1530107 173 7 2452921
1000010000001111 3 2 3 2 7 2 3 2 3
1000010000010101 3 157 11 3 5 53 3 16759 17
1000010000010111 5 2 3 2 37 2 5 2 3
1000010000011011 3 2 3 2 7 2 3 2 3
1000010000011101 31 2 3 2 61 2 29 2 3
1000010000100001 3 2 5 2 7 2 3 2 11
1000010000100111 3 2 3 2 7 2 3 2 3
1000010000101011 5 2 3 2 37 2 5 2 3
1000010000110001 43 23 71 7 5 2137 8059 137 29
1000010000110011 3 2 3 2 7 2 3 2 3
1000010000110101 5 2 3 2 37 2 5 2 3
1000010000111001 3 2 3 2 7 2 3 2 3
1000010000111101 97 7 79 593 97 239 7 17 7
1000010000111111 3 2 5 2 7 2 3 2 11
1000010001000101 3 5 13 3 5 43 3 37 7
1000010001001001 5 11 5581 29 5 5 29 13 43
1000010001001011 3 2 3 2 7 2 3 2 3
1000010001010011 5 2 3 2 37 2 5 2 3
1000010001010111 3 7 13 3 31 41 3 73 7
1000010001011001 17 2 3 2 11 2 17 2 3
1000010001011101 3 59 7 3 13 5 3 71 811
1000010001100011 3 2 3 2 7 2 3 2 3
1000010001101001 3 2 3 2 7 2 3 2 3
1000010001101011 109 73 7 89983 62423 587 7 1481 293
1000010001101101 7 5 11 23 421 11 5 7 3752531
1000010001101111 3 2 5 2 7 2 3 2 7
1000010001110001 5 2 3 2 19 2 5 2 3
1000010001110101 3 1093 43 3 55987 13 3 11 239
1000010001111011 3 2 5 2 7 2 3 2 11
1000010001111111 107 19 3 373 40429 3 23 83 3
1000010010000001 3 2 5 2 7 2 3 2 7
1000010010000101 5 47 19 773 5 5 181 11 19
1000010010000111 3 2 3 2 7 2 3 2 3
1000010010001101 3 2 3 2 7 2 3 2 3
1000010010010011 3 2 3 2 7 2 3 2 3
1000010010011001 3 2 3 2 7 2 3 2 3
1000010010011101 17 1051 1087 11 17 20707 7 3727 2711099
1000010010011111 3 2 5 2 7 2 3 2 11
1000010010100011 5 2 3 2 19 2 5 2 3
1000010010100101 3 2 3 2 7 2 3 2 3
1000010010101011 3 7 11 3 31 13 3 19 7
1000010010110111 3 2 5 2 7 2 3 2 7
1000010010111101 3 2 5 2 7 2 3 2 11
1000010011001001 3 2 3 2 7 2 3 2 3
1000010011001111 3 2 5 2 7 2 3 2 11
1000010011010011 37 11 941 170633 17 20201 7 13 223
1000010011010101 3 7 13 3 31 5 3 17 7
1000010011011011 3 2 5 2 7 2 3 2 7
1000010011100001 3 2 3 2 7 2 3 2 3
1000010011100111 3 2 5 2 7 2 3 2 11
1000010011101101 3 2 5 2 7 2 3 2 7
1000010011110011 3 2 5 2 7 2 3 2 11
1000010011111111 3 2 5 2 5 2 3 2 7
1000010100000001 79 2 89 2 349 2 107 2 359
1000010100000111 5 2 3 2 19 2 5 2 3
1000010100001011 3 2 3 2 7 2 3 2 3
1000010100001111 23 3259 317 7 30133 1249 7 11 5981
1000010100010101 7 2 3 2 43 2 73 2 3
1000010100100001 173 43 19 2819 5 4507 53 23 19
1000010100100011 3 2 3 2 7 2 3 2 3
1000010100100101 5 2 3 2 23 2 5 2 3
1000010100101001 3 2 3 2 7 2 3 2 3
1000010100101111 3 2 5 2 7 2 3 2 11
1000010100110001 7 2 3 2 43 2 73 2 3
1000010100110011 13 5 59 11 463 241 5 503413 17
1000010100111011 3 2 5 2 7 2 3 2 11
1000010100111101 23 2 977 2 509653 2 9949 2 167
1000010100111111 7 13 3 31 23 3 43 7 3
1000010101000001 3 7 13 3 5 43 3 73 7
1000010101000011 5 2 3 2 37 2 5 2 3
1000010101001001 149 2 3 2 307 2 569 2 3
1000010101001101 3 1901 9949 3 47 5 3 7 2271781
1000010101010011 3 7 13 3 31 31 3 29 7
1000010101010101 11 17 5 521 11 11 7 5 19
1000010101010111 5 2 17 2 37 2 5 2 101
1000010101011111 3 79 3 3 29 3 3 19 3
1000010101100001 5 2 3 2 37 2 5 2 3
1000010101100101 3 7 11 3 31 43 3 73 7
1000010101101011 3 2 5 2 7 2 3 2 7
1000010101110101 5 2 17 2 37 2 5 2 101
1000010101110111 3 7 3 3 31 3 3 7 3
1000010101111101 3 37 3 3 17 3 3 61 3
1000010101111111 5 2 17 2 5 2 5 2 101
1000010110000101 7 2 3 2 17 2 73 2 3
1000010110001001 3 2 3 2 7 2 3 2 3
1000010110001011 17 5 19 1627 2539 79 5 11 461
1000010110001111 3 2 5 2 7 2 3 2 11
1000010110011011 3 2 5 2 7 2 3 2 11
1000010110011111 79 5 3 7 103 3 5 1723 3
1000010110100001 3 2 3 2 7 2 3 2 3
1000010110100111 3 2 5 2 7 2 3 2 11
1000010110101101 3 2 5 2 7 2 3 2 11
1000010110101111 7 13 3 31 43 3 73 7 3
1000010110110011 3 2 5 2 7 2 3 2 7
1000010110111101 7 5 3 19 13 3 5 7 3
1000010110111111 3 2 5 2 5 2 3 2 11
1000010111001001 29 2753 7 17 50359 11 7 11 27487
1000010111001011 3 2 5 2 7 2 3 2 11
1000010111010001 3 5 13 3 31 43 3 73 7
1000010111011111 43 2 191 2 5 2 23 2 444401
1000010111100011 3 2 5 2 7 2 3 2 11
1000010111100111 7 11 3 31 43 3 73 7 3
1000010111101001 3 2 5 2 7 2 3 2 7
1000010111101101 5 19 3 2179 1693 3 1033 53 3
1000010111101111 3 2 5 2 5 2 3 2 11
1000010111110101 3 7 3 3 23 3 3 7 3
1000010111110111 5 2 17 2 5 2 5 2 29
1000010111111011 3 2 5 2 5 2 3 2 7
1000011000000001 3 2 5 2 7 2 3 2 11
1000011000000111 3 2 3 2 7 2 3 2 3
1000011000001011 5 2 3 2 37 2 5 2 3
1000011000001101 3 2 3 2 7 2 3 2 3
1000011000010011 3 2 3 2 7 2 3 2 3
1000011000010101 5 2 3 2 37 2 5 2 3
1000011000011001 3 2 3 2 7 2 3 2 3
1000011000011111 3 2 5 2 7 2 3 2 11
1000011000100011 23 2 3 2 13 2 14737 2 3
1000011000100111 61 5 4493 6691 11 17 5 11 71
1000011000101001 5 2 3 2 37 2 5 2 3
1000011000101011 3 347 7 3 23 109 3 467 311
1000011000101101 7 11 19 7 17 115249 7 7 347
1000011000110001 3 2 3 2 7 2 3 2 3
1000011000111101 3 2 5 2 7 2 3 2 11
1000011001000011 3 2 3 2 7 2 3 2 3
1000011001000101 37 2 3 2 11 2 23 2 3
1000011001010001 5 2 3 2 13 2 5 2 3
1000011001011011 3 2 5 2 7 2 3 2 11
1000011001100001 3 2 3 2 7 2 3 2 3
1000011001100111 3 2 5 2 7 2 3 2 7
1000011001101111 5 67 3 293 1097 3 11 71 3
1000011001110001 127 43 7 7 71 29 7 547 239
1000011001110011 3 2 5 2 7 2 3 2 11
1000011001111001 3 2 5 2 7 2 3 2 11
1000011001111011 173 2089 3 47 47417 3 2282381 23 3
1000011010000001 7 41 11 29 5 24469 29 7 11239
1000011010000011 5 2 3 2 37 2 5 2 3
1000011010001101 5 7 7 11 61 5 7 19 7
1000011010001111 7 2 23 2 163 2 11 2 990001
1000011010010001 3 2 3 2 7 2 3 2 3
1000011010010111 3 2 5 2 7 2 3 2 11
1000011010011111 11 7 3 277 17 3 4549 11 3
1000011010100001 5 2 3 2 17 2 5 2 3
1000011010100011 3 7 13 3 31 43 3 11 7
1000011010101011 5 2 17 2 37 2 5 2 19
1000011010110101 3 2 5 2 7 2 3 2 11
1000011010111111 5 2 11 2 5 2 5 2 71
1000011011000001 3 2 3 2 7 2 3 2 3
1000011011000111 3 2 5 2 7 2 3 2 11
1000011011010011 3 2 5 2 7 2 3 2 7
1000011011011001 3 2 5 2 7 2 3 2 11
1000011011011111 3 2 5 2 5 2 3 2 11
1000011011100001 11 149 7 56911 13 23 7 11 4993
1000011011100101 3 2 5 2 7 2 3 2 7
1000011011100111 5 41 3 17 121441 3 797 109 3
1000011011101011 3 7 3 3 19 3 3 73 3
1000011011101101 13 5 3 5659 322559 3 5 1069 3
1000011011110001 3 2 5 2 7 2 3 2 11
1000011011110111 3 2 5 2 5 2 3 2 7
1000011011111011 5 2 17 2 5 2 5 2 101
1000011011111111 7 151 31 106319 310663 13 26321 7 17
1000011100000101 5 2 3 2 37 2 5 2 3
1000011100001001 3 2 3 2 7 2 3 2 3
1000011100001101 7 1013 13 113 13 59 7 7 11257
1000011100001111 3 2 5 2 7 2 3 2 11
1000011100011011 3 2 5 2 7 2 3 2 11
1000011100100001 3 2 3 2 7 2 3 2 3
1000011100101101 3 2 5 2 7 2 3 2 11
1000011100110011 3 2 5 2 7 2 3 2 11
1000011100110111 5 13 3 17 43 3 11 7 3
1000011100111001 3 2 5 2 7 2 3 2 11
1000011100111011 13 5 3 7 19 3 5 14593 3
1000011100111111 3 2 5 2 5 2 3 2 11
1000011101000001 5 2 3 2 37 2 5 2 3
1000011101000101 3 71 877 3 178693 1231 3 7 877
1000011101001011 3 2 5 2 7 2 3 2 11
1000011101001101 19 2 11 2 11 2 179 2 7
1000011101001111 11 47 3 7 19 3 1831 107 3
1000011101010101 5 2 17 2 13 2 5 2 101
1000011101010111 3 17 3 3 83 3 3 17 3
1000011101011101 3 11 3 3 587 3 3 769 3
1000011101011111 5 2 7 2 5 2 5 2 7
1000011101100011 3 2 5 2 7 2 3 2 7
1000011101101001 3 2 5 2 7 2 3 2 11
1000011101101111 3 2 5 2 5 2 3 2 11
1000011101110101 3 107 3 3 1277 3 3 23 3
1000011101111001 79 7 3 60449 13 3 2069 1311263 3
1000011101111011 3 2 5 2 5 2 3 2 11
1000011101111101 5 2 17 2 5 2 5 2 71
1000011110000111 3 2 5 2 7 2 3 2 11
1000011110001101 3 2 5 2 7 2 3 2 11
1000011110011011 5 7 3 23 271 3 11 17 3
1000011110011111 3 2 5 2 5 2 3 2 11
1000011110100101 3 2 5 2 7 2 3 2 11
1000011110100111 7 13 3 31 43 3 73 7 3
1000011110101011 3 47 3 3 17 3 3 53 3
1000011110101111 5 2 17 2 5 2 5 2 67
1000011110110001 3 2 5 2 7 2 3 2 11
1000011110110101 7 13 3 29 43 3 73 7 3
1000011110111101 3 2 5 2 5 2 3 2 11
1000011111000001 23 131 7 37 17 13 7 3373 157
1000011111000011 3 2 5 2 7 2 3 2 11
1000011111010101 3 19 3 3 19 3 3 11 3
1000011111010111 5 2 17 2 5 2 5 2 101
1000011111011001 83 5 3 131 151 3 5 23 3
1000011111011011 3 2 5 2 5 2 3 2 11
1000011111011111 7 569 347 7 229 41 47 7 173
1000011111100001 3 2 5 2 7 2 3 2 7
1000011111100011 43 37 3 127 59 3 491 211 3
1000011111100111 3 2 5 2 5 2 3 2 11
1000011111101001 11 1049 3 47 564419 3 17 61 3
1000011111101011 5 2 7 2 5 2 5 2 101
1000011111101111 17 23 23 41 23 1123 23 23 21649
1000011111110011 3 2 5 2 5 2 3 2 7
1000011111110101 5 2 11 2 5 2 5 2 101
1000011111111111 3 2 3 2 7 2 3 2 3
1000100000000001 37 5 3 43 107 3 5 11 3
1000100000000101 3 2 5 2 7 2 3 2 7
1000100000001011 3 5 13 3 5 31 3 73 7
1000100000001111 61 2 3 2 11 2 29 2 3
1000100000010001 3 2 5 2 7 2 3 2 11
1000100000010111 3 2 3 2 7 2 3 2 3
1000100000100101 7 2819 37 11 5 11 29 7 467
1000100000100111 5 2 3 2 19 2 5 2 3
1000100000101001 3 5 7 3 5 17 3 199 19
1000100000101111 3 7 13 3 31 43 3 73 7
1000100000110011 7 2 3 2 43 2 17 2 3
1000100001000001 3 2 5 2 7 2 3 2 11
1000100001000111 3 2 3 2 7 2 3 2 3
1000100001001101 3 2 3 2 7 2 3 2 3
1000100001010011 3 2 3 2 7 2 3 2 3
1000100001010101 17 2 3 2 1297 2 17 2 3
1000100001011001 3 2 3 2 7 2 3 2 3
1000100001011011 67 5 7 23 11 157 5 1049 193243
1000100001011101 7 47 59 4273 997 17 7 7 19
1000100001011111 3 2 5 2 7 2 3 2 7
1000100001100011 5 2 3 2 37 2 5 2 3
1000100001101011 3 29 27361 3 4157 120209 3 7 857
1000100001101101 5 1093 43 127 13 5 7 13 47
1000100001110001 3 2 3 2 7 2 3 2 3
1000100001110101 181 11 1493 48449 11 1019 7 43 307
1000100001110111 3 2 5 2 7 2 3 2 11
1000100010000111 7 2 3 2 43 2 73 2 3
1000100010001001 3 7 13 3 5 43 3 43 7
1000100010001101 13 2 3 2 449 2 179 2 3
1000100010010101 3 2 3 2 7 2 3 2 3
1000100010010111 73 5 83 317 13 1294471 5 11 43
1000100010011001 11 2 3 2 1297 2 5 2 3
1000100010011011 3 7 13 3 31 43 3 73 7
1000100010100011 7 2 3 2 43 2 73 2 3
1000100010101101 3 7 13 3 31 43 3 73 7
1000100010110001 7 2 3 2 11 2 73 2 3
1000100010110111 31 2 103 2 1693 2 171317 2 241
1000100010111011 17 2 257 2 13 2 17 2 73
1000100010111111 3 5 3 3 31 3 3 7 3
1000100011000001 13 29 47 601 5 13 37 103 61
1000100011000101 3 2 3 2 7 2 3 2 3
1000100011000111 5 7 2251 41 2659 5 7 31 7
1000100011010001 3 2 3 2 7 2 3 2 3
1000100011010111 3 2 5 2 7 2 3 2 11
1000100011011101 3 2 5 2 7 2 3 2 7
1000100011100001 67 2 3 2 61 2 50773 2 3
1000100011101111 3 139 3 3 13 3 3 83 3
1000100011110101 3 2 5 2 7 2 3 2 11
1000100011110111 7 13 3 11 43 3 11 7 3
1000100011111011 3 5 3 3 4517 3 3 6163 3
1000100011111111 17 2 257 2 5 2 17 2 73
1000100100000001 3 2 5 2 7 2 3 2 7
1000100100000111 3 2 3 2 7 2 3 2 3
1000100100001101 3 2 3 2 7 2 3 2 3
1000100100001111 13 5 11 73 1021 2099 5 47 59341
1000100100010011 3 2 3 2 7 2 3 2 3
1000100100010111 5 349 1129 23 182131 5 7 719633 39979
