10000001 10000111 3 2 5 2 7 2 3 2 11
10000001 10001101 3 2 5 2 7 2 3 2 11
10000001 10010011 3 2 5 2 7 2 3 2 11
10000001 10011001 3 2 5 2 7 2 3 2 11
10000001 10011111 3 2 5 2 7 2 3 2 11
10000001 10100101 3 2 5 2 7 2 3 2 11
10000001 10110001 3 2 5 2 7 2 3 2 11
10000001 10110111 3 2 5 2 7 2 3 2 11
10000001 10111101 3 2 5 2 7 2 3 2 11
10000001 11000011 3 2 5 2 7 2 3 2 11
10000001 11001001 3 2 5 2 7 2 3 2 11
10000001 11001111 3 2 5 2 7 2 3 2 11
10000001 11011011 3 2 5 2 7 2 3 2 11
10000001 11100001 3 2 5 2 7 2 3 2 11
10000001 11100111 3 2 5 2 7 2 3 2 11
10000001 11101101 3 2 5 2 7 2 3 2 11
10000001 11110011 3 2 5 2 7 2 3 2 11
10000001 11111001 3 2 5 2 7 2 3 2 11
10000001 11111111 3 2 5 2 7 2 3 2 11
10000101 10100001 7 13 3 31 43 3 73 7 3
10000101 10101111 7 13 3 31 43 3 73 7 3
10000101 10111101 7 13 3 31 43 3 73 7 3
10000101 11100111 7 13 3 31 43 3 73 7 3
10000101 11110101 7 13 3 31 43 3 73 7 3
10000111 10001101 3 2 5 2 7 2 3 2 11
10000111 10010011 3 2 5 2 7 2 3 2 11
10000111 10011001 3 2 5 2 7 2 3 2 11
10000111 10011111 3 2 5 2 7 2 3 2 11
10000111 10100101 3 2 5 2 7 2 3 2 11
10000111 10101111 5 2 17 2 37 2 5 2 101
10000111 10110001 3 2 5 2 7 2 3 2 11
10000111 10110111 3 2 5 2 7 2 3 2 11
10000111 10111101 3 2 5 2 7 2 3 2 11
10000111 11000011 3 2 5 2 7 2 3 2 11
10000111 11001001 3 2 5 2 7 2 3 2 11
10000111 11001111 3 2 5 2 7 2 3 2 11
10000111 11010111 5 2 17 2 37 2 5 2 101
10000111 11011011 3 2 5 2 7 2 3 2 11
10000111 11100001 3 2 5 2 7 2 3 2 11
10000111 11100111 3 2 5 2 7 2 3 2 11
10000111 11101011 5 2 11 2 37 2 5 2 101
10000111 11101101 3 2 5 2 7 2 3 2 11
10000111 11110011 3 2 5 2 7 2 3 2 11
10000111 11110101 5 2 17 2 37 2 5 2 101
10000111 11111001 3 2 5 2 7 2 3 2 11
10000111 11111111 3 2 5 2 7 2 3 2 11
10001101 10010011 3 2 5 2 7 2 3 2 11
10001101 10011001 3 2 5 2 7 2 3 2 11
10001101 10011111 3 2 5 2 7 2 3 2 11
10001101 10100101 3 2 5 2 7 2 3 2 11
10001101 10110001 3 2 5 2 7 2 3 2 11
10001101 10110111 3 2 5 2 7 2 3 2 11
10001101 10111101 3 2 5 2 7 2 3 2 11
10001101 11000011 3 2 5 2 7 2 3 2 11
10001101 11001001 3 2 5 2 7 2 3 2 11
10001101 11001111 3 2 5 2 7 2 3 2 11
10001101 11011011 3 2 5 2 7 2 3 2 11
10001101 11100001 3 2 5 2 7 2 3 2 11
10001101 11100111 3 2 5 2 7 2 3 2 11
10001101 11101101 3 2 5 2 7 2 3 2 11
10001101 11110011 3 2 5 2 7 2 3 2 11
10001101 11111001 3 2 5 2 7 2 3 2 11
10001101 11111111 3 2 5 2 7 2 3 2 11
10010011 10011001 3 2 5 2 7 2 3 2 11
10010011 10011111 3 2 5 2 7 2 3 2 11
10010011 10100101 3 2 5 2 7 2 3 2 11
10010011 10110001 3 2 5 2 7 2 3 2 11
10010011 10110111 3 2 5 2 7 2 3 2 11
10010011 10111101 3 2 5 2 7 2 3 2 11
10010011 11000011 3 2 5 2 7 2 3 2 11
10010011 11001001 3 2 5 2 7 2 3 2 11
10010011 11001111 3 2 5 2 7 2 3 2 11
10010011 11011011 3 2 5 2 7 2 3 2 11
10010011 11100001 3 2 5 2 7 2 3 2 11
10010011 11100111 3 2 5 2 7 2 3 2 11
10010011 11101101 3 2 5 2 7 2 3 2 11
10010011 11110011 3 2 5 2 7 2 3 2 11
10010011 11111001 3 2 5 2 7 2 3 2 11
10010011 11111111 3 2 5 2 7 2 3 2 11
10011001 10011111 3 2 5 2 7 2 3 2 11
10011001 10100101 3 2 5 2 7 2 3 2 11
10011001 10110001 3 2 5 2 7 2 3 2 11
10011001 10110111 3 2 5 2 7 2 3 2 11
10011001 10111011 17 2 257 2 1297 2 17 2 73
10011001 10111101 3 2 5 2 7 2 3 2 7
10011001 11000011 3 2 5 2 7 2 3 2 11
10011001 11001001 3 2 5 2 7 2 3 2 11
10011001 11001111 3 2 5 2 7 2 3 2 11
10011001 11011011 3 2 5 2 7 2 3 2 11
10011001 11011101 17 2 257 2 1297 2 17 2 73
10011001 11100001 3 2 5 2 7 2 3 2 11
10011001 11100111 3 2 5 2 7 2 3 2 11
10011001 11101101 3 2 5 2 7 2 3 2 11
10011001 11110011 3 2 5 2 7 2 3 2 11
10011001 11111001 3 2 5 2 7 2 3 2 11
10011001 11111111 3 2 5 2 7 2 3 2 11
10011011 10101111 7 5 61 11 211 337 5 7 991
10011011 11011001 31 11 11 11 5 2801 31 11 41
10011111 10100101 3 2 5 2 7 2 3 2 11
10011111 10110001 3 2 5 2 7 2 3 2 11
10011111 10110111 3 2 3 2 7 2 3 2 3
10011111 10111101 3 2 3 2 7 2 3 2 3
10011111 11000011 3 2 5 2 7 2 3 2 11
10011111 11001001 3 2 5 2 7 2 3 2 11
10011111 11001111 3 2 3 2 7 2 3 2 3
10011111 11011011 3 2 3 2 7 2 3 2 3
10011111 11100001 3 2 5 2 7 2 3 2 11
10011111 11100111 3 2 3 2 7 2 3 2 3
10011111 11101101 3 2 3 2 7 2 3 2 3
10011111 11110011 3 2 3 2 7 2 3 2 3
10011111 11111001 3 2 3 2 7 2 3 2 3
10011111 11111111 3 2 5 2 7 2 3 2 11
10100001 10101111 7 13 3 31 43 3 73 7 3
10100001 10111101 7 13 3 31 43 3 73 7 3
10100001 11100111 7 13 3 31 43 3 73 7 3
10100001 11110101 7 13 3 31 43 3 73 7 3
10100101 10101111 5 2 17 2 37 2 5 2 101
10100101 10110001 3 2 5 2 7 2 3 2 11
10100101 10110111 3 2 5 2 7 2 3 2 11
10100101 10111101 3 2 5 2 7 2 3 2 11
10100101 11000011 3 2 5 2 7 2 3 2 11
10100101 11001001 3 2 5 2 7 2 3 2 11
10100101 11001111 3 2 5 2 7 2 3 2 11
10100101 11010111 5 2 17 2 37 2 5 2 101
10100101 11011011 3 2 5 2 7 2 3 2 11
10100101 11100001 3 2 5 2 7 2 3 2 11
10100101 11100111 3 2 5 2 7 2 3 2 11
10100101 11101011 5 2 17 2 37 2 5 2 101
10100101 11101101 3 2 5 2 7 2 3 2 11
10100101 11110011 3 2 5 2 7 2 3 2 11
10100101 11110101 5 2 17 2 37 2 5 2 101
10100101 11111001 3 2 5 2 7 2 3 2 11
10100101 11111111 3 2 5 2 7 2 3 2 11
10101111 10111101 7 2 3 2 43 2 73 2 3
10101111 11000011 5 2 17 2 37 2 5 2 101
10101111 11010111 5 2 3 2 37 2 5 2 3
10101111 11100001 5 2 17 2 37 2 5 2 101
10101111 11100111 7 2 3 2 43 2 73 2 3
10101111 11101011 5 2 3 2 37 2 5 2 3
10101111 11110101 5 2 3 2 37 2 5 2 3
10101111 11111111 5 2 17 2 37 2 5 2 101
10110001 10110111 3 2 5 2 7 2 3 2 11
10110001 10111101 3 2 5 2 7 2 3 2 11
10110001 11000011 3 2 5 2 7 2 3 2 11
10110001 11001001 3 2 5 2 7 2 3 2 11
10110001 11001111 3 2 5 2 7 2 3 2 11
10110001 11011011 3 2 5 2 7 2 3 2 11
10110001 11100001 3 2 5 2 7 2 3 2 11
10110001 11100111 3 2 5 2 7 2 3 2 11
10110001 11101101 3 2 5 2 7 2 3 2 11
10110001 11110011 3 2 5 2 7 2 3 2 11
10110001 11111001 3 2 5 2 7 2 3 2 11
10110001 11111111 3 2 5 2 7 2 3 2 11
10110111 10111101 3 2 3 2 7 2 3 2 3
10110111 11000011 3 2 5 2 7 2 3 2 11
10110111 11001001 3 2 5 2 7 2 3 2 11
10110111 11001111 3 2 3 2 7 2 3 2 3
10110111 11011011 3 2 3 2 7 2 3 2 3
10110111 11100001 3 2 5 2 7 2 3 2 11
10110111 11100111 3 2 3 2 7 2 3 2 3
10110111 11101101 3 2 3 2 7 2 3 2 3
10110111 11110011 3 2 3 2 7 2 3 2 3
10110111 11111001 3 2 3 2 7 2 3 2 3
10110111 11111111 3 2 5 2 7 2 3 2 11
10111011 11011101 17 2 3 2 1297 2 17 2 3
10111011 11111111 17 2 257 2 1297 2 17 2 73
10111101 11000011 3 2 5 2 7 2 3 2 11
10111101 11001001 3 2 5 2 7 2 3 2 11
10111101 11001111 3 2 3 2 7 2 3 2 3
10111101 11011011 3 2 3 2 7 2 3 2 3
10111101 11100001 3 2 5 2 7 2 3 2 11
10111101 11100111 3 2 3 2 7 2 3 2 3
10111101 11101101 3 2 3 2 7 2 3 2 3
10111101 11110011 3 2 3 2 7 2 3 2 3
10111101 11110101 7 2 3 2 43 2 73 2 3
10111101 11111001 3 2 3 2 7 2 3 2 3
10111101 11111111 3 2 5 2 7 2 3 2 11
11000011 11001001 3 2 5 2 7 2 3 2 11
11000011 11001111 3 2 5 2 7 2 3 2 11
11000011 11010111 5 2 17 2 37 2 5 2 101
11000011 11011011 3 2 5 2 7 2 3 2 11
11000011 11100001 3 2 5 2 7 2 3 2 11
11000011 11100111 3 2 5 2 7 2 3 2 11
11000011 11101011 5 2 17 2 37 2 5 2 101
11000011 11101101 3 2 5 2 7 2 3 2 11
11000011 11110011 3 2 5 2 7 2 3 2 11
11000011 11110101 5 2 17 2 37 2 5 2 101
11000011 11111001 3 2 5 2 7 2 3 2 11
11000011 11111111 3 2 5 2 7 2 3 2 11
11001001 11001111 3 2 5 2 7 2 3 2 11
11001001 11011011 3 2 5 2 7 2 3 2 11
11001001 11100001 3 2 5 2 7 2 3 2 11
11001001 11100111 3 2 5 2 7 2 3 2 11
11001001 11101101 3 2 5 2 7 2 3 2 11
11001001 11110011 3 2 5 2 7 2 3 2 11
11001001 11111001 3 2 5 2 7 2 3 2 11
11001001 11111111 3 2 5 2 7 2 3 2 11
11001111 11011011 3 2 3 2 7 2 3 2 3
11001111 11100001 3 2 5 2 7 2 3 2 11
11001111 11100111 3 2 3 2 7 2 3 2 3
11001111 11101101 3 2 3 2 7 2 3 2 3
11001111 11110011 3 2 3 2 7 2 3 2 3
11001111 11111001 3 2 3 2 7 2 3 2 3
11001111 11111111 3 2 5 2 7 2 3 2 11
11010111 11100001 5 2 17 2 37 2 5 2 101
11010111 11101011 5 2 3 2 37 2 5 2 3
11010111 11110101 5 2 3 2 37 2 5 2 3
11010111 11111111 5 2 17 2 37 2 5 2 101
11011001 11110101 5 19 7 101 181 5 449 11 17
11011011 11100001 3 2 5 2 7 2 3 2 11
11011011 11100111 3 2 3 2 7 2 3 2 3
11011011 11101101 3 2 3 2 7 2 3 2 3
11011011 11110011 3 2 3 2 7 2 3 2 3
11011011 11111001 3 2 3 2 7 2 3 2 3
11011011 11111111 3 2 5 2 7 2 3 2 11
11011101 11111111 17 2 257 2 1297 2 17 2 73
11100001 11100111 3 2 5 2 7 2 3 2 11
11100001 11101011 5 2 17 2 37 2 5 2 101
11100001 11101101 3 2 5 2 7 2 3 2 11
11100001 11110011 3 2 5 2 7 2 3 2 11
11100001 11110101 5 2 17 2 37 2 5 2 101
11100001 11111001 3 2 5 2 7 2 3 2 11
11100001 11111111 3 2 5 2 7 2 3 2 11
11100111 11101101 3 2 3 2 7 2 3 2 3
11100111 11110011 3 2 3 2 7 2 3 2 3
11100111 11110101 7 2 3 2 43 2 73 2 3
11100111 11111001 3 2 3 2 7 2 3 2 3
11100111 11111111 3 2 5 2 7 2 3 2 11
11101011 11110101 5 2 3 2 37 2 5 2 3
11101011 11111111 5 2 17 2 37 2 5 2 101
11101101 11110011 3 2 3 2 7 2 3 2 3
11101101 11111001 3 2 3 2 7 2 3 2 3
11101101 11111111 3 2 5 2 7 2 3 2 11
11110011 11111001 3 2 3 2 7 2 3 2 3
11110011 11111111 3 2 5 2 7 2 3 2 11
11110101 11111111 5 2 17 2 37 2 5 2 101
11111001 11111111 3 2 5 2 7 2 3 2 11
