10000
3 58
7 98
8 56
5 74
8 62
4 10
1 5
8 22
4 51
6 59
8 79
7 29
9 98
4 11
1 100
6 82
2 93
9 82
3 63
7 31
9 33
2 93
7 96
9 97
6 23
10 94
10 53
5 24
10 45
6 50
1 62
9 94
3 4
2 47
2 49
2 67
10 91
5 13
4 41
8 82
4 3
8 11
4 92
5 66
10 87
9 76
1 98
2 4
7 70
4 88
9 74
1 25
1 20
6 19
6 14
9 43
3 85
8 22
7 14
7 24
10 2
8 73
2 31
10 14
10 13
10 57
4 88
5 85
7 75
7 95
5 85
7 39
10 90
3 36
6 69
6 38
9 4
9 54
5 100
6 49
9 80
8 79
7 62
5 38
5 29
10 38
5 29
5 48
7 48
1 19
2 65
10 18
10 83
9 21
5 59
10 64
6 54
5 72
9 74
2 70
6 71
9 95
10 35
5 59
10 82
7 88
3 11
2 5
6 99
2 84
10 55
1 11
4 37
1 52
8 45
10 93
3 75
5 91
7 24
6 98
7 34
5 24
9 86
4 41
2 99
1 17
2 79
2 10
8 93
10 38
7 90
5 90
4 11
4 40
3 87
3 54
1 14
7 25
7 57
6 89
10 86
4 97
3 31
9 49
6 16
9 76
6 43
2 31
4 21
1 97
1 84
9 83
4 68
7 91
8 44
4 84
1 46
1 50
8 98
7 79
9 40
7 26
3 97
7 23
2 14
3 57
8 19
3 63
9 55
1 50
8 93
9 67
9 59
10 10
4 71
2 53
8 82
5 38
3 48
8 16
10 78
3 95
8 97
9 61
1 44
4 46
6 12
3 5
4 73
1 55
3 57
9 80
4 58
4 96
2 75
9 88
1 54
10 84
1 45
7 68
2 11
9 66
5 31
8 88
4 41
4 36
8 56
8 85
9 78
6 13
2 58
8 24
9 15
3 57
9 77
3 62
10 93
5 18
2 66
2 79
2 4
3 26
10 70
5 77
3 22
5 13
2 11
7 19
9 55
3 27
10 78
8 60
6 63
9 16
10 12
6 26
1 2
7 33
8 51
6 69
1 62
1 66
9 69
4 78
8 67
8 15
3 65
6 93
7 43
5 32
4 87
2 9
6 36
5 51
8 40
7 90
10 80
8 98
9 17
5 5
1 90
7 39
6 41
3 48
2 33
9 97
4 42
4 54
2 27
1 29
4 80
10 63
9 8
9 74
3 59
4 89
1 53
8 13
9 96
9 33
10 44
5 79
1 84
7 25
9 70
7 64
7 23
3 25
7 55
9 19
7 70
10 37
2 99
7 42
9 86
7 37
4 77
5 93
7 37
10 80
8 44
4 9
7 98
1 64
10 50
5 60
5 56
5 85
5 39
1 79
4 31
8 75
7 74
9 74
5 96
9 2
3 49
4 40
6 66
3 24
2 44
10 38
9 90
2 5
8 31
5 31
8 77
9 54
10 27
8 79
4 6
9 85
9 73
8 80
5 14
1 37
7 52
3 81
4 80
2 83
8 76
7 36
8 60
4 38
9 42
3 51
3 88
7 54
1 51
8 42
8 40
3 7
6 3
3 36
9 91
5 48
1 96
3 54
6 17
5 37
2 61
7 91
4 15
3 6
8 37
9 44
2 13
4 9
7 48
8 49
2 58
3 97
1 60
4 73
5 19
10 0
10 87
6 32
3 74
7 33
10 20
4 31
7 8
2 70
2 88
2 68
1 74
8 85
4 12
3 17
4 81
10 58
2 96
1 50
4 74
10 84
9 89
6 7
4 77
4 95
2 33
8 72
10 83
6 91
2 72
6 59
10 100
7 32
7 79
5 72
6 6
9 85
5 53
9 18
4 84
7 14
5 53
7 56
7 99
4 1
2 23
6 68
9 87
1 17
9 86
3 23
6 7
7 22
9 19
1 13
9 6
2 65
1 48
3 66
2 100
5 78
3 9
3 73
3 0
4 28
7 68
10 14
8 15
8 63
5 9
8 25
7 35
9 72
2 0
8 45
5 77
8 63
4 13
9 24
8 71
9 35
2 96
6 3
6 43
6 55
9 12
6 83
5 21
1 47
2 89
4 7
9 19
1 40
3 21
5 29
8 11
6 2
8 44
9 50
8 65
6 9
8 40
1 49
7 3
9 2
9 31
5 92
1 100
5 12
7 47
8 8
1 52
10 63
2 87
9 45
2 38
5 44
7 90
3 18
7 16
3 62
9 48
2 84
7 21
6 52
6 14
7 3
5 74
9 91
5 54
2 88
2 19
7 90
8 71
7 95
7 96
8 87
7 17
5 80
9 19
8 27
1 51
7 15
3 95
8 89
9 89
8 19
1 84
7 62
1 75
2 89
7 37
10 20
9 8
7 53
4 9
9 79
9 66
3 25
5 52
9 22
4 32
8 13
9 23
9 15
1 8
7 46
9 72
9 61
4 17
4 68
7 27
2 7
5 81
4 91
8 81
4 37
2 64
1 97
4 43
7 13
5 100
8 74
10 74
7 75
2 60
4 93
1 39
5 64
6 21
8 47
6 81
7 35
1 54
5 34
7 62
8 5
1 85
1 38
2 29
10 12
6 52
8 51
1 68
2 18
3 34
1 93
8 29
10 0
9 32
9 13
3 54
9 37
5 92
5 55
2 3
10 30
9 72
5 35
4 32
1 74
6 3
4 30
4 51
9 40
3 61
2 27
4 98
6 75
4 73
10 40
4 10
6 89
2 93
10 65
5 60
4 71
7 18
5 85
2 76
10 52
4 18
4 44
10 67
10 62
10 73
3 76
2 88
3 72
7 77
3 76
6 2
10 19
1 25
6 24
7 6
6 52
7 60
2 40
1 78
8 96
5 34
5 39
5 11
3 8
1 46
3 98
10 17
4 70
9 41
9 34
7 96
6 34
4 99
9 75
5 56
1 55
8 13
8 69
4 54
10 35
3 82
5 71
5 15
1 36
1 28
5 30
7 88
5 100
10 78
3 57
3 81
2 18
6 6
7 42
4 28
6 81
7 40
6 8
6 45
2 35
3 1
5 58
8 56
8 80
4 44
6 24
2 48
10 70
3 40
9 80
8 70
4 66
4 18
5 100
1 50
3 1
4 95
2 59
8 88
9 30
1 55
6 16
3 58
8 63
7 67
7 57
9 21
2 12
9 49
5 14
4 42
6 17
2 27
1 8
5 75
5 68
2 2
2 38
5 100
10 10
9 88
4 64
1 60
6 0
8 35
5 67
9 9
1 66
6 98
6 54
8 88
6 9
3 5
3 71
6 87
9 21
3 8
5 1
3 5
7 70
5 13
1 70
7 96
9 17
2 71
3 32
4 20
3 22
6 63
9 49
3 7
5 68
1 39
6 67
1 41
10 66
4 80
6 97
7 90
2 80
5 20
1 85
4 89
4 37
2 26
4 54
1 44
3 91
1 12
9 24
1 16
1 34
9 97
5 69
7 16
8 50
2 60
7 14
3 60
4 99
6 85
4 5
4 91
3 16
3 39
7 91
7 51
9 72
3 78
8 7
1 21
10 0
1 1
2 16
4 26
10 19
4 21
5 20
7 45
6 80
6 65
5 2
2 76
4 37
5 89
10 64
6 59
3 18
1 31
9 65
8 93
3 64
4 97
4 39
6 48
1 26
10 79
3 44
10 60
4 27
3 66
5 50
6 37
9 26
3 79
1 10
5 14
5 60
4 97
3 18
5 79
4 97
7 78
3 94
10 13
1 78
5 16
3 89
4 95
1 58
1 93
8 6
9 4
5 44
4 66
4 48
9 30
3 88
9 49
3 55
1 67
8 30
5 80
7 56
2 36
10 68
4 49
2 54
8 74
9 93
4 60
6 92
8 25
4 3
1 97
6 30
9 92
3 36
6 52
3 43
10 43
8 46
4 5
7 71
2 21
5 49
6 4
7 54
9 67
8 75
8 99
3 58
1 2
2 49
9 87
10 59
5 61
8 74
1 3
2 75
5 69
4 11
9 32
10 36
3 50
7 15
8 54
3 72
8 33
8 90
5 67
6 50
9 49
10 84
1 31
5 86
8 70
7 50
1 55
10 86
7 54
6 34
1 88
7 36
8 93
4 10
4 3
10 72
2 72
2 15
5 92
8 75
5 16
2 2
8 20
6 53
2 27
9 91
1 27
8 25
7 82
5 57
7 31
4 90
6 14
2 76
6 8
10 39
5 12
8 51
1 83
5 64
1 82
5 68
8 88
5 99
10 88
5 8
2 51
9 36
7 33
6 24
7 47
2 42
3 89
2 69
5 28
7 60
1 95
10 46
2 82
4 20
4 71
8 52
9 3
5 7
3 66
2 45
9 39
2 7
1 13
10 49
9 58
2 77
8 68
3 67
7 9
3 55
2 23
2 18
9 49
4 11
2 59
1 70
8 40
4 53
8 34
8 35
1 37
2 84
6 50
2 36
3 30
5 29
3 22
7 36
2 70
6 66
5 85
1 17
1 3
4 98
7 85
4 31
2 8
1 68
1 1
4 77
8 21
6 26
9 77
4 68
3 12
9 3
7 93
4 0
6 1
5 70
7 56
7 85
6 17
3 7
6 69
2 48
3 7
3 62
3 34
7 53
1 95
8 89
4 94
10 25
5 75
6 78
10 86
7 93
7 55
6 74
8 3
4 13
2 68
9 55
5 41
9 56
7 38
8 44
4 39
7 68
2 62
6 23
8 57
9 88
9 72
10 64
4 65
7 73
6 48
7 86
4 8
8 95
4 93
5 92
9 11
5 72
7 25
1 68
3 73
9 60
5 41
9 3
8 30
9 12
7 80
10 50
2 86
1 61
6 8
9 34
2 38
3 96
6 11
1 67
8 21
7 18
10 89
8 45
5 2
2 53
9 99
9 87
4 22
2 62
10 58
7 52
10 51
6 1
10 72
2 13
3 23
4 72
2 28
10 86
2 20
9 38
4 33
7 33
2 10
7 89
4 58
7 20
8 22
5 34
6 82
5 45
1 82
8 84
8 17
7 96
7 49
2 64
7 17
1 97
10 71
8 95
8 69
5 94
3 83
2 3
3 43
3 55
4 80
7 81
6 15
1 12
3 93
10 33
7 75
8 36
7 88
5 57
6 41
9 0
8 52
4 32
3 27
3 26
6 40
6 1
9 46
10 65
10 100
8 92
6 77
1 87
2 25
4 30
5 86
2 3
4 24
3 22
2 6
10 93
4 39
7 64
5 44
2 100
9 28
7 43
2 66
7 6
6 99
5 89
9 46
7 39
4 9
1 25
9 34
9 37
4 53
9 9
6 13
3 44
5 55
10 64
8 0
4 73
2 63
6 12
7 93
2 48
4 30
3 96
5 20
8 51
2 22
2 30
5 44
5 0
4 59
8 64
4 60
2 39
6 66
3 77
7 18
1 35
10 61
2 99
3 99
7 32
5 2
1 55
1 26
9 19
5 68
6 12
5 31
4 29
9 64
9 22
4 54
10 100
5 0
9 53
3 44
3 32
6 86
8 40
5 46
6 15
8 78
9 24
5 48
7 38
3 40
3 87
5 84
9 81
5 74
7 60
3 10
3 84
9 37
8 76
8 55
3 96
10 95
9 11
9 75
4 60
2 41
4 56
3 32
3 65
6 1
10 74
5 10
2 92
10 12
4 52
5 94
5 66
7 11
8 61
3 95
5 90
3 59
7 9
6 21
4 0
2 26
4 81
9 6
8 82
7 88
1 46
7 40
10 86
1 74
7 19
9 14
9 72
3 47
7 64
10 51
3 93
10 56
10 74
6 18
10 35
3 88
3 20
7 6
6 34
10 57
2 66
1 81
3 54
2 48
9 89
5 52
3 82
10 91
6 15
9 86
4 53
4 8
2 35
10 40
1 88
2 12
9 1
6 33
5 30
8 0
4 75
8 6
9 76
10 1
5 50
6 24
6 59
9 85
9 48
9 84
6 4
2 10
1 81
1 75
2 50
1 70
5 62
3 8
7 57
9 100
8 22
10 81
6 13
1 86
8 45
10 76
10 79
1 54
6 55
3 10
8 33
7 17
7 100
1 72
3 62
2 74
5 1
5 83
7 0
8 64
2 41
9 33
4 21
3 2
10 59
1 2
6 67
9 68
1 56
2 73
4 57
4 90
1 52
9 29
4 90
4 36
1 3
3 4
1 64
1 56
8 93
6 56
1 52
4 23
9 20
1 27
2 76
1 52
3 26
1 40
7 15
8 63
10 25
5 76
4 36
3 56
7 38
3 78
6 10
8 31
6 73
7 40
3 76
9 4
2 94
2 100
5 40
6 79
6 41
1 93
3 11
6 22
8 71
2 99
3 39
4 90
7 62
2 6
9 92
6 23
4 43
8 98
1 22
1 100
7 75
2 27
1 74
8 52
3 36
2 96
9 7
9 61
4 5
5 69
3 33
10 13
7 16
3 68
5 80
7 32
10 7
1 58
4 77
10 92
7 45
4 94
8 39
10 97
2 77
10 12
8 96
2 100
1 29
6 46
6 61
5 83
9 11
8 93
3 2
1 8
3 4
8 21
6 5
1 38
10 72
2 4
5 17
3 29
2 71
6 92
1 5
6 19
7 56
9 72
3 50
7 90
4 59
7 75
6 10
10 64
5 46
2 39
7 95
9 31
2 93
1 85
6 92
9 11
9 75
1 17
6 87
7 48
10 38
7 8
9 23
2 56
10 37
7 89
4 59
9 8
10 35
5 55
8 35
7 60
9 83
9 100
8 20
2 57
5 71
6 65
4 25
5 73
6 13
5 20
1 35
2 56
5 98
7 33
3 31
3 9
9 85
4 99
5 6
8 41
4 71
1 40
5 69
3 86
7 94
1 46
7 34
3 67
5 16
5 28
4 7
5 63
3 54
3 44
2 81
6 74
3 21
1 65
5 60
6 83
6 46
2 65
6 23
9 79
8 54
3 34
8 14
10 94
4 19
6 5
2 100
2 97
1 35
5 56
4 65
1 40
9 43
2 73
7 48
5 95
5 30
8 30
2 74
8 61
1 13
7 5
4 29
5 0
7 82
10 73
8 52
6 22
10 21
8 30
6 63
1 37
1 62
3 65
4 100
5 7
10 72
9 80
10 11
6 91
1 8
10 65
2 36
8 78
3 28
9 27
4 74
4 10
4 94
7 62
9 88
2 42
6 38
9 52
5 44
9 75
2 97
10 40
9 81
4 22
1 52
7 71
9 48
10 67
2 53
1 89
6 4
10 31
2 36
9 49
7 49
6 4
7 19
1 22
8 18
2 93
7 37
4 87
3 25
4 98
6 69
5 45
10 6
4 68
9 29
1 70
9 41
10 81
6 79
7 18
6 34
7 81
4 68
2 97
5 79
1 19
5 85
10 40
5 83
3 78
4 66
4 90
5 44
2 85
1 79
5 65
5 44
9 86
2 45
8 73
8 89
7 69
5 45
2 36
10 92
9 78
2 35
6 71
3 25
4 27
4 4
3 46
6 8
10 61
7 5
10 71
4 42
8 41
10 0
7 8
1 74
5 25
2 3
1 87
1 63
8 92
2 30
8 81
3 38
10 47
6 51
6 11
9 34
2 69
6 36
1 79
4 95
5 38
1 91
9 71
9 85
5 22
3 72
9 22
5 54
5 70
2 67
6 81
8 96
9 26
7 1
7 96
4 68
5 1
10 77
5 37
9 65
1 15
5 92
9 10
6 86
4 40
9 1
8 66
4 84
2 86
9 45
9 82
8 47
3 62
4 14
3 55
2 60
4 1
7 73
7 17
6 63
4 41
7 75
2 21
2 31
6 78
7 98
4 27
6 56
10 31
5 8
7 93
8 71
2 71
2 5
5 12
6 45
7 85
5 82
3 31
7 87
9 83
2 80
10 11
3 88
2 57
5 99
7 53
5 61
8 22
7 14
8 89
2 20
9 73
1 45
5 30
10 14
3 97
8 84
9 98
7 31
8 41
7 23
9 16
1 79
2 7
7 72
9 58
5 18
9 70
3 89
2 23
10 24
2 19
5 78
7 62
8 13
9 53
9 13
7 56
4 25
1 27
9 79
1 35
1 58
9 81
8 25
5 32
4 64
1 54
2 90
4 8
8 45
1 67
1 30
8 13
3 54
2 1
9 16
1 56
10 73
10 8
8 38
2 42
6 14
4 94
6 94
8 59
5 14
3 1
7 67
10 21
7 52
2 40
2 77
5 15
6 56
8 60
7 57
7 63
8 70
3 56
2 64
3 49
2 90
6 17
1 100
1 13
4 8
2 26
9 45
3 21
2 7
3 60
5 74
5 61
8 49
8 61
7 82
6 50
3 39
9 85
6 41
6 44
4 41
4 27
8 51
3 19
3 79
8 48
10 98
6 85
6 50
9 2
9 9
6 57
3 44
6 30
10 59
6 40
6 81
10 21
2 35
3 79
9 23
4 40
2 28
5 86
3 54
9 53
7 90
2 36
1 28
5 20
9 13
4 13
5 95
8 31
9 36
4 5
8 24
9 77
2 40
1 2
6 17
8 57
7 58
5 18
8 90
8 51
5 63
2 38
10 100
10 59
7 17
3 77
3 85
2 59
5 24
3 6
4 23
3 48
7 99
1 89
8 27
1 73
6 50
7 20
7 50
5 48
10 38
8 73
10 58
1 12
5 81
1 73
6 52
3 99
4 91
2 18
9 64
4 54
7 16
7 80
1 70
5 100
9 10
10 67
5 51
1 44
1 12
9 61
10 14
2 57
1 73
7 92
3 29
6 20
5 18
7 0
7 59
3 56
5 81
2 84
2 5
7 45
4 89
5 95
1 29
5 5
7 89
2 70
4 41
6 94
10 97
3 7
10 67
1 61
9 99
8 34
8 49
1 11
6 27
8 93
3 9
5 72
10 6
8 47
9 72
8 63
9 32
6 93
5 5
7 24
3 14
8 52
9 52
2 84
2 51
3 13
3 26
7 32
6 30
10 41
6 57
8 1
4 70
9 63
1 36
7 11
3 14
5 91
1 33
5 51
10 87
8 33
5 26
8 86
7 98
3 98
8 61
1 18
8 32
2 99
3 12
3 22
1 32
3 71
2 93
4 54
2 71
2 59
10 26
2 32
7 2
9 12
5 28
1 86
2 31
7 79
1 30
8 67
10 67
1 44
4 40
1 96
4 72
9 80
8 97
2 71
4 80
9 53
4 8
4 65
9 82
7 21
5 87
3 61
3 6
9 3
9 96
2 24
3 90
1 5
6 73
2 92
3 80
7 73
10 53
10 67
6 41
3 42
9 34
7 74
3 62
1 11
3 42
4 81
6 33
3 86
1 50
6 1
7 45
10 46
9 69
10 88
1 3
4 66
4 20
6 59
5 53
3 7
9 18
3 20
10 2
6 86
1 85
2 40
2 81
9 98
10 46
9 55
2 15
5 9
10 3
3 15
1 71
1 21
2 11
10 43
1 98
7 43
4 41
7 77
2 64
9 95
5 41
1 77
9 77
9 4
3 23
2 7
4 38
9 75
8 2
8 42
7 98
10 99
3 45
1 49
8 93
8 63
2 35
2 65
4 49
8 100
7 24
6 2
8 82
9 54
2 94
8 16
7 73
3 66
9 77
9 91
2 75
6 88
7 75
6 45
4 71
6 15
3 33
4 34
1 87
2 86
7 90
6 62
8 93
9 91
4 47
6 66
9 24
1 84
9 19
5 21
6 98
9 31
10 73
10 96
2 11
6 71
1 54
3 35
8 99
3 29
4 62
5 17
10 51
6 66
6 33
3 67
4 71
6 99
1 27
4 58
7 37
10 48
7 10
10 90
5 11
6 37
2 70
6 0
3 64
2 48
1 9
8 65
3 72
5 48
9 10
6 98
7 68
9 72
7 60
8 31
8 28
1 8
9 6
2 28
1 57
2 93
5 51
1 87
5 98
7 97
4 52
3 75
3 48
9 43
8 96
9 76
5 64
5 94
4 32
4 4
8 9
8 1
5 29
8 97
4 61
7 28
1 64
4 22
6 96
1 54
1 92
1 93
1 4
2 32
6 80
10 79
5 18
6 45
2 62
1 33
10 95
5 64
6 67
5 5
4 31
4 92
3 30
1 94
1 8
10 81
2 71
2 27
3 3
2 29
6 12
4 7
1 53
9 15
6 11
6 99
8 14
9 82
6 48
1 6
1 82
3 73
3 70
10 38
9 45
7 29
3 24
3 14
10 68
2 14
5 4
3 86
3 47
9 0
1 37
1 17
10 82
3 34
5 1
9 51
6 45
9 49
9 24
4 32
2 35
3 34
2 95
7 5
6 82
10 3
6 66
1 33
3 50
2 48
4 34
9 3
4 30
5 28
5 28
1 98
8 64
4 1
1 29
2 98
8 39
1 22
9 80
3 86
8 81
1 40
9 62
3 50
10 3
9 57
5 74
9 63
7 19
5 44
2 0
1 24
1 69
10 12
6 80
9 25
7 55
9 42
2 33
6 89
5 91
9 94
1 0
5 35
8 7
10 69
7 63
9 75
6 50
3 50
3 51
3 9
2 44
9 61
1 79
5 48
6 43
4 27
8 87
5 62
10 93
7 8
10 35
8 82
9 29
9 49
8 34
8 34
3 68
2 93
9 19
9 75
5 26
8 26
4 46
5 61
4 60
2 22
9 38
3 5
2 93
9 24
6 35
2 79
4 32
1 82
1 82
5 97
5 95
4 53
4 69
4 65
10 86
9 35
2 83
10 80
5 27
6 57
10 69
4 18
8 80
5 38
7 21
9 84
10 79
10 16
6 47
7 71
4 9
5 53
2 74
8 53
3 20
2 91
5 73
8 73
1 78
1 43
8 74
8 41
7 49
7 29
6 68
2 43
10 26
1 96
7 41
5 37
4 57
8 84
2 95
1 91
4 49
9 74
1 15
7 35
10 37
10 68
5 33
2 35
7 7
10 58
8 55
10 85
5 25
4 15
5 67
5 29
4 6
6 92
6 13
3 35
6 96
3 1
1 98
4 79
5 42
4 34
10 6
7 66
4 96
2 47
8 12
3 37
3 3
5 12
1 31
10 54
9 22
7 95
7 13
5 22
9 37
5 20
3 85
4 77
4 26
10 49
7 95
8 43
5 79
4 49
2 98
10 100
10 50
4 64
2 48
8 48
6 97
3 42
8 76
4 49
5 70
6 61
10 51
1 18
6 40
2 99
4 54
1 64
1 52
8 23
7 53
4 41
7 0
5 92
1 50
2 18
1 46
6 75
8 7
7 1
5 4
3 88
7 42
9 78
10 96
10 75
6 15
10 11
5 75
3 95
6 59
3 10
5 52
3 56
6 36
8 37
2 79
4 54
9 38
1 68
10 58
9 78
4 48
5 22
4 53
7 22
10 99
2 27
1 64
2 85
4 1
8 50
7 40
4 89
2 44
2 7
2 49
6 72
4 86
1 12
6 18
9 39
3 23
5 40
8 18
7 79
6 39
7 79
1 65
10 33
2 44
2 53
6 66
7 96
8 4
3 32
9 10
5 7
2 78
7 79
2 66
7 73
4 89
7 3
6 1
2 0
6 85
8 3
9 45
4 72
9 68
9 17
7 75
10 23
4 67
3 62
4 8
5 31
6 14
6 97
4 95
3 61
1 45
6 5
3 100
5 58
1 6
5 48
3 69
3 30
8 37
5 45
9 48
9 16
8 40
4 29
8 94
9 20
7 32
8 11
9 95
8 14
5 73
6 1
8 14
2 76
2 16
1 53
5 64
8 56
1 74
4 44
3 20
3 10
5 91
4 7
6 88
6 73
1 55
4 31
2 45
6 74
6 64
9 71
7 0
10 52
10 4
5 89
10 28
4 56
7 55
9 40
3 45
2 34
6 55
6 28
2 68
10 75
8 58
7 11
5 56
8 42
3 20
7 64
2 93
10 63
3 45
1 59
10 55
5 7
2 85
9 76
1 63
3 84
10 76
5 20
7 16
5 88
6 54
5 15
6 31
8 91
6 86
5 51
2 53
9 79
6 83
6 33
4 55
7 54
8 5
1 95
6 78
1 73
6 46
10 10
9 61
9 57
9 63
1 78
3 97
7 43
6 92
2 83
9 80
5 35
6 100
1 45
2 21
2 98
4 41
5 50
5 33
9 25
5 2
6 61
4 57
5 96
3 70
10 42
6 31
9 49
1 24
8 95
8 51
6 49
6 40
3 88
5 39
8 27
9 64
2 9
2 7
3 14
10 19
9 83
7 1
4 46
3 51
3 55
8 8
3 35
7 4
10 97
9 62
4 1
6 21
1 74
1 59
8 88
2 8
10 39
1 90
3 87
6 71
3 31
6 19
2 1
5 33
2 93
5 61
5 24
3 68
6 48
1 31
6 68
7 2
5 41
9 64
8 82
1 89
3 46
8 4
4 47
3 20
6 42
8 31
3 3
9 70
6 93
9 92
2 69
7 52
6 18
9 25
7 84
7 40
8 94
8 99
4 47
8 19
10 26
8 63
4 49
1 51
6 90
2 73
4 60
4 40
3 8
10 89
6 99
6 36
9 93
4 12
10 63
7 20
2 37
5 6
8 9
3 85
7 19
8 38
2 79
7 30
1 53
4 87
8 33
4 83
7 18
4 8
2 82
4 76
7 71
1 12
9 73
3 74
9 55
7 11
8 9
9 52
10 34
2 63
3 35
3 47
2 40
2 14
4 41
1 85
5 23
5 62
3 32
3 28
6 19
1 21
4 0
4 80
1 1
4 6
4 37
9 34
7 64
10 30
4 65
9 0
9 63
2 24
4 63
4 21
8 31
5 64
6 79
5 11
5 47
8 3
1 99
6 0
7 10
4 9
1 99
9 69
7 44
2 31
4 39
5 65
4 9
7 37
6 58
8 21
6 35
1 88
6 53
1 90
9 29
5 43
5 52
2 52
10 81
8 6
10 5
7 68
4 30
9 18
5 38
10 34
9 99
9 76
6 73
1 78
5 99
1 43
9 84
6 9
6 79
1 6
6 54
1 71
2 56
9 18
10 4
1 80
5 35
3 92
4 2
9 89
9 40
3 28
7 3
4 18
9 91
1 88
7 44
4 50
1 80
7 82
9 90
7 98
10 11
5 93
2 4
4 19
2 99
8 46
5 23
10 17
9 50
4 91
4 27
4 40
1 1
6 62
2 84
3 0
8 98
3 72
8 75
10 100
9 75
7 66
6 68
2 60
4 7
3 79
2 10
1 85
6 98
4 24
7 68
7 57
1 13
7 97
8 92
9 94
9 47
10 8
3 10
7 12
6 49
7 6
6 29
9 48
1 19
4 14
5 9
7 63
5 89
1 30
1 23
6 94
3 2
3 24
2 59
4 1
2 13
2 35
7 74
7 9
6 10
2 6
4 23
3 79
6 64
4 10
6 58
4 9
6 21
3 17
8 19
4 23
3 7
1 91
6 5
2 35
4 1
4 21
2 50
7 31
9 56
8 41
10 12
2 30
3 58
10 40
7 15
4 13
8 28
2 36
9 44
8 16
6 30
1 97
3 97
6 19
4 41
9 8
6 53
1 71
5 16
3 43
3 60
6 24
3 42
1 53
8 7
6 67
1 98
9 92
5 68
7 5
7 32
9 2
3 28
5 29
1 12
8 27
4 8
7 2
7 5
8 40
6 99
1 79
8 47
2 62
2 52
7 83
10 39
4 31
10 58
1 61
5 19
1 39
3 94
1 16
4 65
1 86
5 34
8 32
6 97
3 81
5 33
1 27
7 72
9 66
3 16
6 5
7 30
8 82
5 93
8 68
6 79
4 10
6 98
5 28
7 5
8 3
1 7
5 46
1 26
8 45
2 55
1 58
9 35
6 30
9 88
10 49
4 69
4 77
3 51
5 25
4 51
9 80
10 28
7 83
3 45
9 73
2 87
7 25
10 3
3 98
6 72
3 3
6 94
3 70
4 90
5 41
4 8
10 35
5 87
3 70
3 18
5 8
6 3
3 72
4 63
6 52
2 71
9 97
4 27
2 60
8 14
6 94
10 42
2 62
1 19
7 21
10 62
3 9
10 44
3 51
1 63
10 54
4 21
3 3
7 33
7 28
9 20
8 30
5 2
7 60
8 97
7 55
3 6
2 3
9 97
10 77
7 49
9 98
7 66
3 36
3 58
9 64
4 64
1 35
5 55
6 27
3 81
10 5
3 27
10 0
7 90
7 62
8 55
1 62
10 21
3 12
8 84
3 74
2 74
9 100
10 87
9 15
6 32
4 98
3 14
7 26
8 11
4 34
8 22
9 92
4 18
8 64
3 88
1 25
4 8
10 30
8 53
9 86
10 87
7 7
3 23
8 50
2 100
6 53
10 47
2 19
2 13
4 88
3 94
2 65
9 24
7 86
9 24
5 77
10 13
5 60
8 51
2 0
3 48
4 53
6 77
4 77
7 91
6 46
3 79
5 95
1 39
10 63
5 30
5 4
6 28
4 9
5 26
7 27
3 44
2 18
1 91
6 53
3 24
10 57
4 50
4 76
8 35
10 66
2 62
10 34
4 88
10 31
8 68
10 43
1 74
7 19
7 76
8 75
10 56
2 93
4 2
5 3
7 11
3 87
6 53
8 25
1 77
5 3
5 43
8 38
8 4
2 5
6 33
7 39
10 67
8 59
10 14
5 35
1 84
4 41
10 30
8 14
1 72
2 43
8 95
2 39
5 55
4 68
8 88
2 43
6 85
2 45
4 93
10 98
4 86
5 39
2 26
3 8
6 85
5 11
3 97
6 59
10 59
9 42
6 56
1 2
8 69
6 16
2 55
6 6
5 77
8 29
6 74
1 77
4 49
2 56
9 65
10 64
5 49
10 60
4 27
3 73
5 12
8 48
8 92
9 41
4 43
7 9
7 8
10 12
7 94
6 14
6 10
8 93
9 29
6 5
4 38
4 91
2 96
6 87
10 55
7 48
5 53
3 60
7 70
9 5
2 73
8 80
2 28
1 51
4 29
10 57
9 85
4 22
2 87
9 17
7 61
4 58
1 35
7 5
2 43
7 62
7 85
7 39
5 30
8 0
3 49
5 61
10 90
4 17
2 86
6 80
8 19
2 15
3 15
7 96
5 29
10 91
2 25
5 79
3 25
3 95
2 77
9 76
4 26
2 79
4 12
7 11
2 43
10 74
8 49
3 43
7 55
4 20
3 33
5 62
2 47
7 6
7 26
4 26
4 17
6 43
3 83
9 66
9 3
4 21
6 93
8 38
10 16
2 83
2 26
6 46
9 64
7 46
7 26
9 94
1 83
7 10
3 78
4 80
6 55
4 32
8 61
2 38
7 17
3 92
8 99
8 63
5 21
5 38
4 23
9 26
2 77
6 96
4 48
5 0
8 77
2 22
6 39
2 33
6 65
5 64
9 55
2 95
1 45
2 70
10 58
8 6
4 51
1 11
8 100
8 19
9 93
6 53
4 63
2 25
3 83
5 64
4 62
5 82
5 3
1 44
1 42
2 77
7 13
5 4
5 80
3 50
2 19
8 88
8 43
1 9
2 41
3 34
6 63
1 42
4 6
10 24
10 54
4 15
1 67
6 0
6 18
8 82
4 15
5 78
7 51
7 2
4 79
4 47
4 56
10 53
2 38
6 69
8 3
7 57
1 79
2 4
6 38
2 50
8 54
1 72
5 96
2 71
4 27
1 30
1 55
3 59
1 49
8 97
2 20
9 84
9 70
2 20
2 47
5 95
5 3
1 50
10 86
8 40
8 20
1 32
5 84
1 60
3 44
3 91
6 17
9 38
2 75
1 86
9 71
7 67
6 22
7 8
3 76
6 53
9 40
7 8
7 64
4 38
4 47
3 65
6 66
3 84
4 30
9 39
8 18
10 18
7 49
2 42
1 100
4 92
2 99
1 11
10 100
2 25
5 30
4 48
8 38
9 34
1 3
1 21
6 2
8 93
2 35
2 30
4 31
3 41
2 81
1 79
3 54
6 24
7 79
7 31
4 51
2 84
5 16
4 57
8 84
6 16
8 6
7 4
2 4
6 92
1 83
4 72
9 58
6 60
3 75
4 61
4 45
4 43
2 79
7 74
10 38
1 42
6 75
6 55
9 1
3 42
4 13
4 71
7 99
6 69
4 73
10 42
3 10
9 62
10 41
1 37
10 78
9 52
2 6
7 93
10 82
8 1
7 60
5 90
5 86
2 15
7 56
9 12
7 74
3 95
2 25
10 83
4 39
7 26
9 15
8 44
10 82
1 94
6 73
2 33
3 47
4 97
6 86
3 37
1 37
7 96
9 77
7 48
8 98
5 92
3 47
6 38
1 12
1 26
5 5
2 40
6 92
2 73
10 31
2 41
9 55
4 93
8 100
4 46
1 64
7 75
2 81
5 87
9 73
5 1
4 1
9 37
9 60
1 27
10 95
6 63
8 13
1 65
8 38
3 19
1 29
1 2
4 63
9 93
6 95
1 65
5 84
5 85
10 100
7 65
3 9
10 81
2 77
4 51
4 97
8 21
8 7
9 86
6 0
1 8
9 71
5 98
5 43
4 35
5 26
6 86
7 19
3 7
8 13
7 43
3 80
9 7
2 62
3 98
8 10
5 93
4 33
8 16
5 37
7 55
7 32
4 53
2 75
1 91
8 86
2 5
2 49
8 68
5 35
9 58
3 31
1 27
1 95
3 36
8 100
4 3
6 63
6 8
2 25
2 3
7 74
3 97
3 93
4 30
8 88
8 10
5 59
3 50
5 43
10 96
9 4
4 6
6 78
5 94
10 93
10 6
6 47
5 27
10 13
5 47
8 77
7 68
10 35
2 97
1 77
10 36
2 69
8 38
7 8
1 5
6 9
2 99
4 44
3 50
9 45
1 2
2 33
9 64
3 20
8 31
3 93
9 4
6 12
8 91
1 13
3 3
10 55
9 94
5 80
10 10
2 70
5 43
7 12
6 72
6 89
4 49
7 10
4 61
10 66
2 39
1 13
3 47
8 36
7 15
8 28
4 47
9 74
1 32
7 78
5 90
9 90
2 20
4 12
10 15
1 6
3 20
4 50
7 59
2 49
5 81
3 28
8 4
6 20
8 35
5 90
4 24
9 97
10 36
7 48
7 96
5 62
5 45
2 10
4 45
7 81
8 66
6 15
2 94
1 73
5 5
9 14
10 76
7 33
9 32
10 66
7 61
3 89
6 67
4 47
10 64
1 22
7 63
5 66
9 95
9 80
7 42
2 73
8 89
3 57
3 21
5 100
4 43
8 66
9 67
9 29
5 14
4 50
8 35
3 46
1 37
6 71
9 82
3 43
9 89
5 94
6 72
7 57
4 7
2 61
4 51
8 91
3 68
1 91
9 66
9 19
6 30
4 43
7 44
7 36
10 67
8 26
7 95
1 68
8 74
5 21
2 6
3 12
5 51
3 15
4 94
2 74
4 72
9 25
9 35
9 48
6 12
3 9
9 81
2 88
7 28
2 82
7 51
8 100
3 51
10 0
9 65
3 28
5 84
1 30
4 6
2 41
7 63
4 33
4 89
6 92
9 32
8 28
1 69
10 25
7 28
4 77
6 36
10 99
1 93
3 83
3 90
5 2
6 52
4 64
8 28
3 15
5 100
3 17
8 86
3 31
6 57
5 76
1 38
8 7
10 11
7 58
2 82
10 64
5 57
8 80
2 49
2 7
1 68
5 80
9 78
4 77
4 2
4 33
9 51
4 38
6 92
6 100
4 39
4 2
3 82
1 12
7 95
10 27
9 61
7 86
5 3
4 3
3 94
10 61
1 31
8 82
10 63
8 58
8 8
4 21
1 83
8 47
10 28
8 18
2 71
3 45
10 42
9 76
5 28
8 58
6 68
4 75
1 62
1 41
8 1
8 2
8 18
8 86
10 44
2 17
4 21
5 50
3 21
7 97
3 39
10 31
9 74
2 22
6 81
10 35
10 75
8 12
7 64
10 49
6 45
4 10
10 80
9 9
4 75
5 67
1 54
2 86
1 65
8 100
1 35
10 24
2 62
4 39
7 46
9 12
10 95
5 69
4 39
6 43
9 60
10 22
5 4
9 11
7 54
4 77
9 78
8 83
7 97
6 63
7 89
10 25
2 36
3 64
6 2
5 29
2 37
1 11
5 88
2 74
5 67
3 92
6 89
2 44
5 31
6 50
1 14
9 81
7 91
3 76
10 30
6 76
6 92
9 20
1 87
1 44
1 36
1 1
10 72
7 22
6 15
6 65
10 70
5 9
2 6
2 19
7 5
4 82
1 14
6 82
10 7
9 13
9 87
5 78
9 22
1 23
4 36
9 69
4 9
3 86
6 1
9 29
10 7
5 96
4 35
4 40
6 65
1 82
3 36
2 42
4 88
4 65
10 30
5 4
8 18
5 53
4 71
5 45
6 7
5 74
3 50
5 84
3 75
8 8
10 72
6 94
10 63
4 98
8 98
9 79
7 78
5 11
2 36
1 97
10 70
7 61
3 42
9 47
9 44
3 41
7 67
1 51
2 58
8 18
7 0
8 23
2 87
3 66
8 43
4 57
5 67
4 16
9 13
7 76
6 72
9 57
5 33
3 95
2 84
10 78
10 19
5 97
5 15
10 79
8 97
8 89
7 96
2 82
1 49
8 18
8 25
8 75
1 4
2 18
10 12
1 40
6 55
3 76
10 34
7 63
6 65
5 7
4 0
3 15
8 73
4 37
6 99
4 79
6 12
1 56
2 7
9 28
10 85
4 48
4 66
10 59
4 35
6 6
9 4
2 61
7 39
3 16
7 69
6 83
9 48
7 100
9 74
5 82
3 88
4 20
5 11
8 98
2 60
1 86
9 52
4 44
1 18
2 4
4 82
8 7
2 96
6 93
5 68
10 65
6 84
7 8
1 38
1 14
7 100
8 52
8 6
10 25
3 71
5 71
4 89
7 11
10 1
5 72
6 82
8 77
1 21
5 6
6 68
7 85
8 21
7 31
2 94
7 25
6 26
5 53
5 82
8 66
1 77
8 36
10 69
4 71
6 76
10 16
2 19
4 85
4 29
10 77
2 22
4 1
8 94
4 28
9 71
10 15
9 99
9 31
1 80
7 38
5 29
9 63
6 50
3 94
6 30
5 89
1 4
4 6
7 74
1 92
1 24
9 4
4 81
6 0
9 83
3 73
8 0
1 15
3 26
8 58
7 87
3 6
8 74
5 95
4 44
2 80
4 4
1 64
3 65
2 42
9 18
4 82
1 72
3 78
10 59
1 38
5 21
4 58
4 92
9 11
3 26
5 93
8 43
9 37
6 20
3 87
1 9
6 87
6 19
10 22
10 64
10 41
9 82
9 73
9 65
4 97
10 80
10 47
3 2
4 10
5 24
9 28
9 38
5 98
8 46
10 31
5 70
4 60
5 63
9 85
2 87
4 57
9 77
8 54
9 59
10 89
8 12
3 31
9 43
10 88
1 48
1 36
9 81
5 12
9 38
2 94
1 82
2 47
2 31
2 22
9 29
1 36
2 77
9 25
5 100
2 90
1 84
8 91
8 47
1 68
10 36
1 47
7 0
1 93
9 8
3 21
8 30
6 7
10 27
6 96
3 12
5 16
6 100
7 85
2 17
9 4
1 18
5 21
7 6
10 97
7 69
8 11
10 47
5 59
2 68
1 52
3 25
10 20
9 86
1 82
5 59
9 43
9 75
2 3
5 54
3 43
10 46
9 29
2 57
10 0
8 94
6 35
8 43
5 66
4 27
5 46
8 15
1 29
9 39
9 94
7 93
4 39
4 88
1 71
4 23
5 27
8 79
6 79
10 48
7 88
10 28
9 88
9 98
9 16
5 4
10 55
9 25
4 73
7 0
7 1
4 10
1 9
5 28
10 76
8 67
10 10
9 37
8 53
2 3
3 25
2 28
6 8
3 30
4 81
6 98
7 8
2 97
2 74
1 22
5 48
5 28
7 24
6 75
6 24
10 88
1 56
10 90
7 6
1 7
3 48
1 80
2 63
3 6
5 66
5 76
2 66
8 36
5 92
1 5
10 23
4 24
8 71
1 8
5 49
1 72
1 17
7 41
3 72
4 0
4 88
1 21
3 67
2 57
2 54
2 24
1 70
10 97
3 28
7 31
5 98
10 24
2 16
9 55
6 80
8 91
2 66
1 48
4 29
10 26
8 9
2 27
1 61
10 50
10 0
2 73
9 12
2 63
9 5
1 96
2 66
9 93
7 19
3 92
6 100
5 86
4 8
5 91
3 10
6 96
7 98
3 49
2 67
1 0
1 51
8 52
5 13
4 70
10 2
9 21
2 49
10 87
10 6
9 97
4 52
3 32
9 51
4 62
6 52
7 44
2 47
7 52
4 4
5 86
2 71
5 64
10 21
3 44
10 33
9 11
5 78
6 11
10 71
3 60
10 73
5 48
5 85
9 46
7 80
10 76
3 8
6 81
1 43
10 17
2 67
4 28
1 30
2 84
4 1
5 57
5 68
5 7
7 21
2 55
4 45
10 20
1 48
4 38
6 56
10 79
4 91
5 40
9 63
2 20
10 28
3 22
1 81
2 71
3 76
6 36
3 68
2 86
9 8
10 23
3 92
1 82
10 72
7 30
8 13
5 19
4 23
10 48
8 52
7 5
7 23
2 34
9 13
8 11
1 0
9 47
7 19
7 5
5 0
6 28
6 6
1 61
8 19
6 3
10 7
10 35
3 47
6 80
4 71
7 14
10 16
6 87
3 15
1 65
3 35
4 73
1 91
8 29
1 60
8 80
1 78
8 18
5 34
6 39
7 25
8 30
1 71
1 76
4 8
6 22
2 94
1 81
2 76
9 79
8 14
9 9
3 47
10 24
7 50
8 86
1 4
3 22
4 89
4 67
8 1
6 67
5 29
7 4
9 44
2 54
5 24
10 0
9 74
7 65
8 4
10 17
10 7
4 29
4 13
1 73
4 15
4 23
10 30
8 7
4 61
4 36
7 46
5 30
3 21
10 33
1 26
6 18
2 11
1 9
10 81
9 97
1 32
4 99
7 69
3 76
7 73
4 10
4 18
10 10
8 9
1 92
4 44
8 64
8 48
8 49
5 45
6 87
3 8
7 68
9 90
10 99
4 89
8 94
7 10
5 5
8 23
7 77
7 76
10 97
3 97
5 4
4 34
6 67
7 27
1 19
2 31
8 37
5 98
9 86
5 42
4 46
7 21
10 27
1 14
10 4
8 87
7 59
1 34
7 67
9 7
2 79
8 49
1 30
7 1
8 79
2 75
9 8
4 8
5 19
5 59
4 21
5 71
4 93
7 20
2 86
9 28
2 23
5 9
7 37
8 58
2 5
2 86
6 42
9 60
4 79
6 9
1 15
9 16
10 86
8 85
8 3
2 15
8 9
4 70
3 89
10 97
9 69
5 72
1 94
4 27
4 67
7 67
10 30
10 39
8 74
8 5
8 74
5 47
8 94
9 14
8 55
1 26
3 42
6 74
6 94
9 13
4 99
3 54
5 57
6 92
8 18
9 2
6 21
10 25
4 53
6 50
6 98
5 48
9 14
9 14
8 8
4 46
5 21
4 42
5 78
3 16
1 51
10 60
9 74
10 36
4 39
3 24
1 95
6 53
10 54
4 81
1 79
3 43
3 23
1 33
8 70
7 32
3 17
2 28
5 97
6 75
1 36
3 5
3 10
4 7
5 45
8 7
3 1
6 92
7 88
10 9
4 85
9 56
5 23
5 56
5 45
4 12
7 24
5 97
4 21
6 86
10 92
8 13
7 91
9 74
9 63
4 9
5 83
5 14
2 64
3 77
2 49
2 55
3 36
3 3
4 82
3 40
5 0
10 54
9 8
6 99
4 52
10 5
2 32
3 47
5 32
1 55
8 24
1 80
7 74
3 55
3 35
2 4
1 77
2 95
6 72
10 8
7 39
6 76
8 16
7 96
6 53
5 80
6 66
8 91
5 64
4 16
10 44
9 61
5 20
10 2
8 98
8 2
2 3
10 60
5 85
7 28
5 4
4 84
9 25
2 44
8 98
7 67
1 13
3 100
1 80
5 34
4 85
10 21
10 98
4 73
4 28
9 28
10 26
2 33
6 55
6 3
8 50
8 45
8 92
6 38
3 34
8 27
7 81
9 45
5 68
3 42
4 61
10 61
1 52
3 11
2 92
6 25
1 60
9 86
1 19
6 87
2 6
1 1
8 12
4 27
5 52
1 56
3 69
5 3
2 94
10 12
4 93
2 48
6 47
9 77
7 44
3 0
6 5
6 48
8 27
4 79
2 51
2 81
5 20
3 71
5 38
2 75
3 67
4 34
10 14
6 1
1 25
1 35
10 25
8 84
7 21
5 85
6 93
8 48
9 62
2 99
2 32
5 19
9 43
10 35
5 51
6 98
1 19
2 44
10 48
3 15
5 48
7 4
2 97
2 96
2 56
1 20
2 35
3 1
4 76
4 24
10 1
2 50
4 35
3 77
7 92
7 14
6 40
8 61
6 47
10 35
2 56
8 94
6 11
9 44
4 40
6 97
4 100
6 64
10 84
8 8
4 47
6 19
2 52
4 45
8 2
9 76
5 87
10 19
8 24
5 72
2 79
3 75
4 85
4 85
7 25
3 55
8 94
7 9
2 67
7 92
2 50
1 24
10 24
6 97
8 57
5 98
8 17
2 99
5 77
9 11
8 71
6 54
7 86
1 64
5 36
3 14
5 12
9 78
9 1
7 49
6 1
6 71
10 66
4 6
7 88
5 92
9 47
8 82
8 16
9 88
8 32
7 51
3 67
10 74
2 72
6 15
9 100
5 8
3 78
2 71
2 58
2 10
5 33
9 92
6 10
9 69
8 99
5 52
2 63
4 47
8 18
6 47
3 90
7 68
10 38
1 6
6 52
6 29
10 93
10 86
4 53
6 21
3 98
7 8
1 34
8 13
3 40
7 11
4 12
3 64
7 32
10 11
5 25
4 12
3 51
4 45
9 9
10 96
1 24
3 3
4 47
3 4
7 82
5 85
1 20
5 69
6 75
2 51
10 34
9 10
1 8
4 34
7 30
7 29
6 38
5 24
10 74
3 62
3 11
2 95
10 73
1 87
10 71
8 32
7 0
3 31
1 35
1 77
6 32
10 86
1 23
8 42
3 87
5 28
4 86
10 19
2 11
4 65
4 64
6 57
8 77
1 61
1 81
6 75
5 38
7 66
7 66
5 13
3 66
5 100
4 77
5 10
3 46
1 15
6 4
6 2
1 86
3 34
7 32
6 67
1 35
6 69
8 82
8 42
8 58
7 39
3 64
10 100
7 59
9 22
6 71
9 10
3 73
9 89
6 63
5 63
5 46
6 89
8 13
7 85
6 7
8 91
9 56
3 70
5 16
5 11
9 68
6 98
8 24
7 5
10 34
2 25
10 79
9 10
7 38
8 88
3 34
5 46
3 13
2 21
3 68
9 30
8 67
6 75
10 87
8 34
6 49
4 16
4 19
9 75
7 61
10 82
1 34
4 91
2 72
9 13
3 99
9 33
1 49
3 45
5 35
9 88
5 66
2 51
5 35
9 25
6 63
5 34
9 28
5 67
7 100
5 22
8 53
4 84
3 31
8 51
7 66
5 90
5 51
2 30
2 78
2 35
8 58
6 38
8 5
5 79
2 97
2 66
4 40
4 28
5 25
8 90
6 20
5 56
6 13
4 92
10 17
1 92
6 98
2 42
8 97
3 16
8 78
9 48
4 45
3 26
2 19
1 48
9 62
10 65
1 2
3 12
5 74
1 10
3 95
2 36
10 48
9 55
6 79
3 52
3 37
10 87
3 8
6 97
1 57
5 25
8 71
7 4
6 2
7 2
4 74
8 87
6 5
9 92
3 35
7 14
2 41
5 29
10 19
3 52
9 77
9 68
3 89
8 16
3 2
2 61
4 43
7 3
9 33
2 82
10 14
2 18
7 36
4 35
2 73
4 37
8 3
8 16
10 28
5 86
3 51
6 65
8 79
10 73
3 57
2 63
5 6
9 65
6 84
9 54
1 13
7 37
10 5
8 46
1 18
6 31
3 12
3 99
1 47
7 1
5 59
5 50
2 59
7 4
2 0
7 24
1 22
9 42
9 96
10 81
9 37
4 42
5 11
1 82
2 6
9 85
8 100
5 18
4 63
1 23
4 27
7 98
5 90
4 16
6 76
10 87
1 22
3 23
4 5
1 90
10 36
10 24
8 26
9 87
2 91
6 26
4 55
5 47
2 29
7 34
1 35
4 8
10 11
1 85
1 63
5 14
4 23
3 34
1 55
9 32
3 14
5 31
6 52
3 28
10 15
8 96
5 61
1 37
9 19
9 18
8 19
9 47
6 43
9 89
8 98
6 53
6 46
9 37
9 39
5 30
7 86
7 74
9 25
2 87
5 72
7 100
5 68
9 52
3 100
5 24
9 21
6 76
7 10
8 42
1 64
1 95
8 53
2 71
9 81
10 25
1 3
5 30
4 82
6 68
9 58
9 90
6 20
7 67
5 3
6 28
2 98
7 56
3 74
3 42
5 16
10 34
2 5
7 32
7 4
7 92
6 30
4 69
2 78
2 74
4 50
5 28
7 99
1 85
2 91
7 33
8 18
8 47
1 56
2 100
7 44
6 83
7 31
3 70
8 22
2 41
6 19
9 23
4 0
5 27
6 20
6 63
10 44
3 53
8 71
5 14
7 79
8 9
10 88
7 14
8 81
10 43
7 55
10 73
5 77
9 0
10 47
3 24
1 62
2 90
7 46
3 56
1 27
3 26
1 18
3 26
3 40
9 58
10 36
1 48
8 26
2 76
10 17
3 67
1 85
5 82
6 49
8 10
10 8
1 5
10 2
9 57
6 53
3 95
6 36
1 53
9 52
2 87
8 45
3 48
8 31
10 46
8 39
3 13
8 17
1 82
7 3
5 68
9 13
10 41
3 57
4 59
9 85
8 62
5 3
2 72
3 12
8 26
8 43
4 74
7 84
5 54
4 71
7 32
3 83
9 32
5 74
6 30
8 80
6 93
4 96
7 89
8 85
8 18
4 90
2 95
9 72
9 68
8 94
5 5
6 3
2 36
3 84
8 52
8 3
7 35
8 26
9 56
4 25
10 26
9 50
6 32
9 99
3 62
2 11
1 32
5 16
4 71
1 65
4 72
8 79
2 58
4 85
2 4
8 46
8 43
10 23
8 41
2 2
7 59
6 60
2 76
8 9
1 64
9 75
6 11
8 62
7 44
9 6
2 27
5 98
7 63
9 84
8 39
6 54
1 68
4 40
3 72
2 79
1 97
1 9
9 14
2 77
6 45
4 36
9 8
4 78
6 55
4 81
7 67
4 33
1 88
5 0
7 72
7 5
4 74
1 91
2 97
6 15
1 29
7 29
1 34
4 48
7 11
7 65
9 40
8 14
1 28
5 49
6 75
5 34
6 45
9 83
7 18
10 87
7 62
3 66
4 25
10 15
7 0
7 95
8 47
10 14
1 83
2 31
10 0
8 100
10 62
1 24
1 16
10 66
1 34
6 66
7 95
6 27
2 79
6 51
7 25
9 87
7 76
10 2
5 81
9 83
2 10
10 25
10 46
3 29
1 86
4 57
3 84
9 32
2 90
8 41
4 52
8 47
6 44
5 87
2 93
5 45
6 90
3 65
2 95
7 36
9 72
3 35
1 46
2 39
6 0
8 29
5 7
6 31
2 77
5 8
6 29
2 35
3 52
8 47
9 45
7 70
1 50
9 42
10 5
4 64
9 46
8 76
4 78
9 18
7 8
4 42
9 25
1 46
4 58
1 3
5 65
9 42
5 63
7 93
8 21
2 10
10 17
10 51
2 20
8 71
4 17
1 38
2 81
7 40
8 8
3 75
5 22
6 90
9 13
3 36
9 2
9 70
8 4
3 81
3 21
10 86
5 24
5 63
1 48
9 23
10 75
5 66
3 62
5 3
7 60
10 25
4 60
9 43
5 82
3 95
9 71
6 68
5 30
1 95
1 29
10 78
4 62
5 74
9 50
2 80
4 65
5 56
7 93
6 4
9 97
6 43
10 9
2 85
5 2
7 93
2 47
6 90
4 92
7 8
3 26
3 74
9 60
1 47
5 2
7 17
9 57
6 45
9 41
7 93
9 71
5 82
1 39
10 63
1 40
2 31
3 66
6 65
4 17
2 55
10 28
1 43
6 32
8 91
8 77
4 31
10 32
6 62
9 87
1 54
5 11
8 7
8 69
2 44
9 49
3 98
10 23
4 28
9 66
9 57
3 27
2 56
3 43
3 88
6 82
1 50
1 54
1 48
6 94
1 28
9 16
1 69
1 10
10 75
2 18
1 27
10 37
9 40
8 96
6 12
10 9
6 36
7 56
6 35
1 90
10 93
6 66
4 74
2 55
6 21
3 49
7 45
2 5
7 53
6 34
1 94
6 14
10 3
4 0
1 36
1 15
9 73
8 42
6 30
1 37
10 52
4 18
7 59
5 11
10 100
10 80
10 47
5 19
4 79
8 17
2 8
10 91
6 22
3 64
2 25
9 54
6 47
7 86
6 40
5 58
2 5
9 35
3 47
6 52
7 57
5 14
6 17
1 97
6 9
6 67
6 31
1 23
7 7
8 50
5 96
6 44
7 43
10 69
8 86
6 36
7 63
2 60
10 12
6 47
4 32
4 32
7 33
7 66
10 46
8 8
7 15
2 67
3 46
4 7
6 51
7 5
3 87
5 27
8 84
7 88
5 41
9 52
8 77
8 31
2 23
1 29
8 88
4 11
10 20
10 45
5 26
5 8
3 47
5 5
9 62
5 35
1 17
7 57
10 9
2 70
2 7
5 14
4 6
2 66
8 75
6 46
9 15
9 96
9 39
2 45
1 79
6 80
7 10
10 84
6 25
7 58
4 13
5 91
10 44
3 82
5 27
9 2
4 11
9 70
9 43
5 2
10 92
2 8
5 80
5 92
9 46
7 17
2 77
7 69
6 77
3 77
4 59
3 52
8 50
2 41
9 41
10 71
3 87
4 89
3 72
8 49
10 20
4 57
2 1
5 34
9 73
10 88
2 75
7 5
9 30
3 12
9 52
6 30
9 38
1 73
7 12
10 65
8 97
4 80
7 5
9 99
7 18
7 2
2 59
7 98
1 61
1 50
8 39
10 22
5 79
7 43
1 35
6 97
4 26
9 76
1 27
5 49
1 86
2 2
8 0
6 57
4 78
2 13
2 55
1 89
5 14
2 30
2 58
9 30
10 97
6 28
2 74
10 68
2 58
3 52
7 100
4 29
2 53
5 54
4 61
10 25
2 41
7 60
1 67
6 0
9 55
8 8
7 46
4 10
4 19
10 100
2 51
4 58
1 0
5 66
3 4
1 29
5 49
10 24
8 84
1 45
7 12
10 62
3 80
5 68
8 58
10 46
8 61
5 91
9 38
9 36
5 14
8 56
8 80
9 46
5 64
5 0
2 100
5 1
6 94
2 67
1 29
2 56
10 43
5 84
9 89
2 5
1 4
6 84
4 29
7 28
1 19
4 60
1 17
3 19
10 3
5 45
3 60
1 3
7 5
10 7
10 98
8 58
1 91
8 11
2 45
7 71
5 88
9 48
8 30
8 27
2 72
7 76
7 99
1 66
9 78
8 61
10 36
5 16
8 32
7 63
8 16
3 5
1 31
3 43
8 55
8 97
1 57
2 19
8 99
3 31
10 18
1 65
7 26
4 87
10 60
4 35
5 92
8 77
4 9
8 28
3 83
4 73
4 36
10 29
1 42
4 26
6 18
4 26
9 24
10 27
2 55
4 12
3 39
8 90
4 99
5 31
4 57
8 82
4 72
4 98
7 89
5 18
10 39
4 77
2 43
5 83
3 90
4 44
3 28
9 57
7 88
10 43
5 92
10 5
5 100
7 88
8 23
8 34
10 99
4 24
10 51
9 62
5 75
7 71
1 67
10 74
6 65
1 10
7 15
3 100
7 64
10 27
10 88
8 46
3 8
6 21
3 6
7 0
7 37
9 24
9 90
9 6
9 98
3 95
5 40
8 34
9 98
2 81
4 22
5 53
8 9
9 80
6 18
7 76
6 49
8 77
7 36
6 1
7 70
9 61
4 41
9 82
1 78
8 13
9 96
4 85
3 87
8 67
7 12
2 83
9 25
4 38
8 34
1 94
7 62
3 0
9 66
8 84
2 25
8 74
7 55
10 51
2 49
9 86
4 45
5 4
9 77
6 98
9 87
5 17
7 53
9 85
3 51
9 45
4 73
9 36
5 15
10 58
10 8
5 97
4 11
4 42
9 87
10 11
8 68
5 4
10 25
8 97
9 59
9 66
7 47
2 83
6 65
3 76
2 85
1 68
8 28
5 81
3 16
10 47
3 43
9 27
4 22
9 100
5 39
6 89
7 7
1 95
2 8
1 59
1 24
5 53
2 87
2 26
7 59
8 20
1 33
6 21
2 38
7 71
2 33
10 11
2 76
10 67
7 55
2 65
10 56
7 89
8 35
6 20
3 89
7 96
6 10
3 16
8 40
6 59
4 62
6 94
1 68
9 7
2 41
3 87
5 95
7 24
8 41
3 79
3 98
2 36
5 46
10 57
9 59
3 33
1 60
2 78
10 29
4 84
2 45
4 24
2 75
2 98
6 15
4 36
6 64
8 21
9 92
8 87
8 34
2 11
10 99
7 48
8 13
1 97
8 47
3 35
7 40
2 87
1 12
4 17
9 67
2 96
2 0
5 12
1 69
2 70
2 87
2 91
7 81
10 26
1 33
3 51
8 98
2 96
1 68
8 59
6 39
9 11
1 0
3 86
9 22
5 61
10 54
9 59
4 65
9 35
6 62
7 68
10 28
3 66
7 50
1 95
1 29
9 45
9 92
7 64
8 45
8 64
8 84
4 54
10 7
4 3
1 59
4 23
1 40
10 22
1 58
3 0
3 73
6 15
4 94
5 61
5 76
1 94
4 42
8 43
5 45
3 44
10 41
2 100
2 16
10 3
7 53
8 92
2 46
4 44
4 50
6 78
1 83
4 100
7 22
10 83
7 72
1 28
3 65
1 19
6 39
10 65
4 48
3 1
9 25
1 63
3 20
3 59
7 62
3 87
5 20
8 48
8 71
3 82
6 46
1 93
6 15
10 24
6 89
5 22
1 57
6 55
5 59
1 75
2 87
6 83
9 2
3 56
5 25
10 75
2 97
1 66
10 77
10 70
10 100
10 91
8 42
8 19
7 29
4 79
6 78
2 11
9 74
8 65
3 75
6 30
10 27
7 88
10 35
10 100
9 22
9 19
4 28
4 54
2 89
5 49
2 60
9 66
4 45
4 51
2 95
2 24
6 68
10 10
3 25
3 41
10 16
7 40
6 88
2 25
10 79
5 51
3 99
8 93
7 96
5 18
4 78
1 65
9 4
1 45
9 11
3 82
7 36
1 56
10 8
1 20
1 21
10 36
6 100
9 86
7 8
5 53
4 50
9 96
7 13
10 40
8 12
3 39
6 54
1 85
10 96
9 13
2 38
3 31
8 38
6 13
10 13
1 50
8 9
4 17
9 28
7 52
3 87
9 89
8 28
10 79
7 38
1 23
2 68
2 10
7 55
6 86
5 38
6 45
10 27
6 28
7 61
7 43
9 8
3 95
3 57
1 69
8 30
3 70
10 49
3 94
3 71
7 71
3 59
8 65
3 5
9 41
10 53
9 93
4 72
4 20
9 42
5 50
9 4
6 1
3 26
8 67
9 36
4 43
9 36
7 79
1 6
10 32
6 15
8 86
9 11
3 30
3 40
2 41
2 25
2 73
10 41
2 38
10 33
3 81
8 34
6 56
1 15
8 32
2 42
8 7
6 23
9 57
9 55
5 75
9 14
8 80
1 37
7 47
2 0
5 48
9 38
6 91
10 65
1 85
10 33
2 37
1 58
9 0
7 25
8 98
4 1
5 12
7 77
3 63
9 93
7 20
8 78
8 69
7 48
10 70
10 17
8 12
1 59
7 93
8 16
1 59
5 45
6 33
3 35
2 42
9 21
3 15
9 82
4 99
9 17
4 11
2 37
6 86
8 32
4 93
5 9
9 100
10 14
10 55
1 19
8 95
9 89
6 96
4 51
10 77
10 89
9 100
7 26
9 15
10 41
5 84
5 32
10 12
7 98
3 38
6 87
1 43
1 83
4 92
7 87
4 84
2 74
7 76
9 33
7 78
7 56
2 46
3 50
1 31
3 10
3 50
1 94
10 76
3 37
6 90
10 24
1 35
2 19
4 70
6 1
6 83
8 94
4 98
5 47
3 63
7 9
5 59
6 14
7 32
1 67
10 93
2 42
8 29
9 47
3 63
3 99
3 96
1 26
6 0
5 52
2 43
1 54
5 53
4 51
2 87
4 11
2 40
4 51
7 45
4 42
5 1
1 4
8 46
9 20
5 64
5 89
8 43
1 57
8 67
6 83
8 44
6 8
6 26
2 66
6 41
6 55
6 94
5 24
3 40
8 3
2 56
1 9
8 60
3 34
1 2
8 23
10 45
6 40
10 20
2 78
7 63
4 70
5 19
4 96
8 10
6 53
10 74
9 38
7 78
3 43
10 80
3 35
4 69
1 68
7 84
2 18
1 17
1 90
10 3
3 81
3 26
5 22
4 26
7 68
6 89
7 16
6 24
6 20
10 51
4 31
10 84
5 91
2 8
1 34
10 87
10 68
1 95
6 22
7 82
3 25
10 21
8 95
4 77
6 19
3 29
3 70
2 49
10 27
2 27
10 1
7 89
9 86
1 83
5 84
4 58
3 72
1 98
5 25
8 7
10 84
1 66
10 3
7 36
10 28
8 35
1 10
7 78
3 7
9 2
3 63
7 52
1 50
1 25
6 15
7 56
5 58
6 70
6 43
4 39
8 30
4 94
7 100
1 52
2 86
10 1
2 52
9 93
1 98
2 70
10 31
10 30
7 92
8 36
7 18
4 7
8 71
1 56
3 79
5 30
5 46
4 80
9 12
4 86
6 96
2 31
9 75
1 46
10 31
1 86
6 33
7 96
5 33
8 18
7 80
5 24
1 75
1 31
3 69
5 12
1 14
6 99
8 63
9 38
1 84
2 71
3 60
10 92
1 67
3 35
9 35
5 36
4 22
7 46
1 10
5 71
2 91
2 21
1 25
9 15
1 21
3 82
6 88
6 79
3 3
5 28
6 67
4 54
9 87
2 14
3 48
2 5
7 23
7 20
3 76
5 38
8 84
10 76
9 18
7 99
3 92
3 62
3 51
1 58
2 70
10 5
9 33
7 81
8 20
9 6
6 5
3 0
6 50
9 21
9 74
5 9
9 57
8 64
5 8
8 25
10 22
9 80
3 22
4 28
10 45
3 74
9 59
5 60
3 40
7 12
4 99
8 21
9 1
4 52
8 65
1 14
8 12
4 1
8 72
3 43
10 6
1 63
9 3
9 87
9 10
10 99
4 75
3 53
7 75
9 63
5 25
9 60
9 70
6 25
1 51
6 68
9 62
3 55
6 95
2 42
9 0
7 46
6 9
10 93
10 81
4 66
8 98
7 65
4 40
6 28
3 1
6 81
9 100
5 40
2 96
9 69
10 68
4 2
4 12
8 54
4 79
3 60
4 29
10 20
6 29
1 16
8 77
3 41
9 98
8 70
1 27
10 62
6 24
3 51
4 98
4 7
4 62
4 83
8 32
4 66
2 9
1 95
8 35
3 15
1 21
8 1
1 57
10 49
4 30
2 17
4 20
8 97
7 24
5 63
2 5
5 79
9 83
10 6
8 72
3 10
4 42
8 20
8 27
5 19
10 65
7 11
10 94
8 32
1 96
2 59
9 28
4 67
9 43
1 9
1 59
2 92
6 82
3 28
1 30
2 43
4 25
5 95
2 35
7 69
7 30
2 73
10 88
10 40
7 10
6 7
3 57
10 55
7 84
4 70
5 97
7 69
8 16
2 46
10 14
2 68
10 43
10 72
4 95
6 59
2 7
1 81
2 49
5 26
1 65
4 95
5 63
7 4
9 53
9 91
7 96
9 57
8 44
9 30
2 1
10 58
8 69
4 87
2 34
3 30
2 24
2 7
10 80
1 5
3 13
1 58
3 35
9 22
2 80
10 45
6 84
4 9
7 79
9 87
6 56
3 18
9 75
5 54
5 28
10 52
7 51
8 45
4 78
9 6
4 31
2 25
7 75
1 74
5 48
3 71
6 68
6 46
9 52
3 37
4 32
5 51
3 65
9 84
3 95
8 92
3 17
9 0
9 15
9 55
2 80
9 22
7 83
7 46
9 92
3 32
8 22
3 57
6 33
9 76
2 79
9 89
10 89
10 100
4 61
1 89
10 49
9 63
5 61
3 70
6 8
4 7
1 98
1 53
7 2
8 43
4 95
7 28
10 45
2 29
7 49
5 86
7 18
1 21
3 33
3 66
3 18
1 69
10 87
8 82
2 0
9 32
5 55
5 79
9 93
8 28
3 25
7 17
7 93
10 93
4 41
9 14
7 17
7 39
9 81
6 9
9 77
1 51
3 72
4 51
6 52
2 22
2 95
6 35
6 54
9 34
4 40
9 41
1 13
1 80
10 40
10 67
10 23
3 52
1 76
10 41
7 100
8 2
4 31
2 58
8 21
1 99
10 80
9 94
4 72
10 13
10 15
10 99
7 37
4 69
6 100
10 94
10 87
10 42
4 34
9 23
5 71
2 43
7 75
2 75
1 10
5 49
5 10
2 30
1 20
3 60
8 33
2 21
8 5
4 84
3 36
4 36
3 0
3 27
9 57
9 1
2 63
10 77
8 1
5 8
3 65
2 97
1 17
4 66
7 90
2 65
7 42
1 74
5 54
10 82
7 63
9 63
8 61
3 30
5 80
2 51
10 45
5 86
7 98
1 64
9 22
9 3
3 1
8 22
8 92
8 90
3 85
6 31
9 96
4 85
2 66
8 46
4 14
10 31
5 29
1 49
6 70
7 53
7 94
8 1
2 75
8 96
9 67
4 83
7 65
3 44
4 4
2 14
6 71
5 72
10 18
3 23
3 61
1 79
4 61
4 6
4 37
8 34
1 36
3 84
4 12
10 16
10 35
10 16
7 35
5 73
8 98
7 73
5 58
6 9
6 28
5 78
3 6
10 36
1 65
7 62
1 20
8 83
2 93
1 0
7 67
9 69
7 39
6 21
6 9
6 0
8 88
4 3
8 66
7 3
7 87
5 3
2 12
6 61
9 87
5 67
1 94
1 65
10 13
5 43
9 53
1 81
4 9
7 93
4 53
1 15
3 47
1 66
1 66
10 3
9 31
5 80
7 6
6 66
3 10
6 76
1 59
1 83
1 3
1 9
4 1
8 1
5 75
7 62
10 70
2 98
4 98
7 62
3 30
9 53
1 1
5 4
2 72
3 91
6 73
7 12
8 76
3 92
1 44
9 41
4 31
5 17
3 61
6 68
7 27
2 58
4 92
1 8
5 75
8 40
8 28
10 24
3 7
3 6
2 87
10 93
2 67
5 76
4 79
3 67
3 42
1 69
6 85
10 54
8 14
5 100
1 16
1 85
4 8
7 43
5 68
9 30
4 42
9 2
1 66
8 84
7 32
7 26
2 23
7 6
7 49
1 70
10 72
7 93
7 97
1 17
7 90
2 79
2 94
5 88
9 41
7 75
3 89
5 32
5 33
7 88
3 44
1 12
10 89
7 33
4 15
1 63
8 21
9 0
1 21
7 17
1 35
6 25
4 9
8 13
5 88
1 44
8 89
5 34
2 28
10 18
10 61
5 100
3 44
9 83
1 85
7 78
10 68
4 62
5 33
4 46
5 77
1 15
8 52
2 54
1 69
1 88
3 36
2 41
4 23
6 4
7 88
1 35
4 52
1 93
9 25
7 21
2 10
10 38
10 7
4 16
6 8
3 84
7 16
4 56
10 98
10 17
7 91
5 40
9 30
7 95
3 34
8 96
1 100
1 11
5 80
3 63
2 33
5 18
8 79
4 65
2 72
10 18
3 61
2 53
2 20
1 8
7 82
7 4
1 38
4 90
5 29
6 1
7 27
1 60
3 11
5 50
4 66
1 4
9 3
10 54
3 75
3 46
9 4
7 26
2 1
9 54
6 54
7 19
8 76
1 23
10 47
2 68
8 61
3 33
5 11
1 2
10 84
5 2
5 77
6 14
7 6
10 52
2 73
5 31
3 60
4 45
6 79
7 23
1 77
5 15
2 43
6 80
6 81
2 0
5 54
8 17
9 6
2 23
10 65
2 46
1 1
1 19
5 56
3 17
3 41
2 22
3 1
8 23
10 80
6 6
4 19
3 43
3 43
1 79
2 32
6 12
1 44
1 12
4 46
2 5
5 97
4 66
4 31
6 26
8 73
9 3
5 63
10 41
6 21
7 48
1 12
3 40
10 85
4 5
10 25
2 31
4 12
8 84
7 22
6 3
9 19
7 38
10 84
7 30
5 90
6 85
4 23
10 66
1 23
8 56
4 56
5 78
10 60
2 55
4 59
10 100
6 28
5 8
10 79
7 65
2 62
7 37
1 76
7 23
4 81
8 14
3 85
8 60
7 68
2 48
9 42
1 49
2 78
7 75
10 90
10 77
10 80
7 12
9 50
6 35
2 70
5 44
7 74
4 61
10 42
6 22
2 72
8 8
6 30
4 55
3 57
1 47
6 56
3 82
2 60
8 90
5 51
5 56
9 68
6 79
7 9
2 94
9 18
3 62
10 85
7 41
9 28
4 71
1 47
5 8
5 47
6 38
5 79
3 68
10 37
3 66
8 74
7 86
7 12
9 39
3 63
1 45
10 89
6 29
1 30
3 40
2 8
4 85
1 37
2 20
6 32
5 61
5 35
7 87
3 76
8 72
6 96
4 7
5 19
5 96
6 89
2 14
4 44
7 35
10 54
2 34
7 67
9 13
7 29
10 41
4 30
4 46
6 74
10 41
10 36
1 19
10 5
7 16
10 67
3 5
9 17
2 56
7 84
6 14
7 80
10 87
10 63
7 63
10 25
5 95
9 99
3 55
2 59
6 8
4 1
8 76
3 60
7 70
8 43
10 34
9 93
4 37
2 96
10 37
3 49
2 84
6 51
7 38
10 32
1 84
1 81
7 80
10 20
9 89
4 23
9 38
9 31
4 68
4 26
1 34
5 60
9 25
7 99
10 87
3 84
10 56
1 53
1 67
9 82
5 2
3 3
5 31
3 12
2 97
5 51
5 87
7 5
7 11
8 38
4 54
5 65
6 23
5 85
4 16
2 78
8 97
6 31
8 84
9 39
4 84
7 36
1 92
8 56
9 90
4 91
1 31
5 46
2 33
3 79
7 21
1 91
7 26
8 81
4 32
5 5
5 84
7 15
7 75
6 1
7 21
6 84
2 99
9 86
4 55
8 70
8 92
5 83
6 54
4 11
1 20
5 88
6 1
6 25
5 92
5 25
9 89
4 28
4 74
10 29
4 10
10 36
10 49
3 19
7 79
4 8
10 92
6 3
4 100
8 90
8 53
2 31
9 87
8 26
9 50
2 21
10 16
4 66
7 77
6 10
4 57
5 59
1 63
6 84
2 28
7 0
7 15
6 83
10 71
4 70
2 20
3 25
1 21
1 72
5 62
2 16
8 34
1 57
4 11
6 64
9 36
7 23
2 1
3 52
3 33
10 8
9 7
7 30
10 16
9 62
7 1
10 51
8 61
10 0
9 60
8 77
1 0
9 11
9 38
6 73
10 33
2 88
4 95
1 7
5 70
1 19
9 73
9 82
4 7
8 28
3 3
3 99
8 25
2 50
8 39
6 71
5 27
3 98
2 5
1 95
4 71
1 54
4 0
2 47
2 34
10 61
7 76
6 10
3 81
8 43
10 44
4 15
1 39
4 24
10 45
6 46
9 76
5 33
1 49
4 62
8 100
1 58
3 22
1 35
10 11
8 96
8 17
1 80
5 31
5 36
7 91
7 40
4 2
2 1
4 83
4 19
8 88
9 34
5 12
7 3
6 15
6 54
9 20
5 90
2 49
4 5
1 80
6 25
3 77
3 77
4 23
9 69
2 77
1 49
6 49
1 88
2 93
4 24
1 18
1 63
8 52
3 61
4 48
4 7
1 0
7 79
6 46
3 72
3 64
2 90
10 92
2 67
5 20
8 91
9 30
10 38
3 93
2 85
6 78
8 52
7 68
2 96
7 11
2 14
4 44
8 69
7 81
3 26
8 0
4 38
6 59
2 32
4 65
7 67
5 60
2 56
6 82
2 65
8 46
2 41
10 87
5 75
7 74
3 54
2 52
1 36
10 44
10 83
9 22
7 35
6 80
4 28
10 97
4 48
8 70
6 57
9 38
6 68
1 28
7 49
9 67
2 34
8 24
2 94
7 77
9 44
6 91
2 11
1 84
8 66
6 78
9 55
7 33
4 92
8 100
8 20
2 4
3 5
9 12
1 8
10 60
9 96
3 37
6 65
6 89
2 16
3 75
10 46
2 63
5 77
8 14
1 100
3 18
3 43
9 13
5 34
1 21
5 92
1 72
2 27
3 12
1 0
1 84
5 77
5 50
7 63
8 99
4 64
3 23
8 7
9 91
6 48
9 22
5 67
10 11
1 15
5 89
10 93
4 97
8 64
9 81
1 54
4 29
6 17
5 17
10 5
6 19
9 52
10 51
3 23
4 9
9 64
6 92
5 77
10 73
4 33
9 26
1 44
7 76
2 65
8 94
4 47
2 75
3 65
3 58
8 54
1 42
9 39
8 84
6 23
6 94
1 47
8 32
4 36
9 58
2 47
3 54
8 40
3 66
9 56
3 60
5 28
1 57
6 62
10 39
6 23
6 89
9 81
10 35
10 37
10 42
2 68
10 20
6 69
6 54
1 25
9 79
1 64
2 68
9 26
4 19
5 76
9 86
10 48
5 80
5 47
8 60
10 26
10 44
1 70
2 97
8 2
6 41
3 100
3 12
9 67
9 8
6 24
10 31
4 73
8 20
1 89
3 25
2 66
2 53
8 62
3 27
7 77
5 70
2 76
10 35
4 44
10 2
10 38
5 15
10 97
10 45
5 15
7 32
5 30
2 77
9 96
3 11
2 84
9 18
5 90
6 8
10 95
10 12
2 10
7 36
8 71
7 95
6 76
7 87
10 25
8 79
8 58
6 17
5 54
3 82
5 67
3 15
2 17
2 61
1 37
5 17
6 32
5 38
7 89
4 63
5 4
2 10
3 37
9 34
6 58
7 73
7 35
6 68
1 84
8 100
2 59
7 30
8 71
4 98
1 69
6 13
10 40
8 1
1 26
7 0
9 95
10 30
2 41
9 66
4 13
8 14
5 9
3 21
1 50
2 69
4 71
9 37
2 20
8 82
5 23
7 0
6 48
8 21
5 76
6 23
5 83
2 52
8 24
2 65
5 4
5 100
7 93
2 32
9 7
5 46
1 95
8 82
9 69
4 89
5 92
10 47
7 66
5 47
7 72
7 90
8 9
10 4
2 71
9 68
8 40
9 60
3 49
1 48
3 49
4 66
4 0
1 66
5 17
4 78
6 58
1 92
8 87
10 33
8 87
9 56
7 1
2 63
10 85
3 26
9 28
1 99
1 91
1 28
3 75
2 75
2 61
8 30
10 40
7 93
5 69
7 71
4 56
5 88
9 14
8 40
6 98
3 95
5 52
3 91
9 94
7 28
9 73
7 81
10 98
5 63
1 73
3 40
1 99
9 13
1 35
5 65
2 99
4 19
3 26
4 48
5 40
2 6
2 65
10 97
5 5
5 92
9 22
1 13
7 77
1 20
3 9
1 67
5 1
1 49
1 23
1 80
6 6
4 22
4 14
2 30
10 81
9 34
4 83
2 0
9 55
2 88
2 73
5 69
1 41
4 77
10 31
3 53
5 20
10 40
2 63
10 58
9 80
2 89
9 90
5 4
4 9
5 98
5 100
3 74
10 43
4 40
5 81
2 68
5 36
2 26
3 73
9 23
5 55
3 1
2 5
9 63
1 14
10 92
2 51
5 31
9 57
4 31
10 91
3 17
3 41
8 54
3 49
10 21
4 73
3 63
10 35
2 73
5 71
6 49
2 6
7 35
9 52
4 1
7 49
7 95
1 11
1 81
10 27
7 16
1 84
7 81
6 66
3 78
1 61
8 35
1 3
3 62
3 19
3 69
9 84
6 77
10 9
7 83
6 74
1 53
2 99
7 9
6 88
9 12
6 87
3 33
2 15
10 12
10 8
8 45
3 3
4 52
3 8
1 81
9 74
1 46
3 96
9 21
10 64
1 3
1 48
3 71
10 6
9 2
6 20
2 45
6 28
5 95
8 46
7 54
7 45
3 25
3 6
2 45
7 14
9 64
8 97
9 43
10 11
4 36
5 89
5 5
6 52
1 92
1 6
2 85
5 45
5 87
9 81
1 68
6 11
2 44
10 23
5 74
2 15
7 63
4 49
10 67
1 84
9 8
8 37
9 52
4 88
1 21
4 4
9 26
4 17
9 17
1 30
1 63
8 6
3 100
4 96
3 93
10 62
3 13
6 71
8 7
7 19
9 81
9 73
8 1
1 79
6 82
5 59
6 67
5 5
2 34
3 76
9 18
8 77
7 9
9 21
6 100
2 57
6 20
10 79
7 88
7 42
2 73
3 48
5 26
10 27
3 26
1 62
7 82
10 79
7 13
6 78
6 25
4 56
2 38
1 61
9 52
6 40
7 67
9 73
5 92
3 62
8 61
4 7
6 86
1 29
6 55
5 81
7 39
4 48
9 26
9 66
8 59
4 49
8 61
2 89
4 84
2 27
9 33
1 58
2 84
2 66
1 1
5 98
1 87
2 4
9 72
10 1
3 71
4 30
2 67
1 68
9 60
7 95
1 35
7 83
5 24
1 15
9 77
8 85
2 42
4 66
6 55
8 49
5 28
4 66
4 21
9 98
8 53
9 24
5 67
6 61
6 50
3 30
1 75
1 48
5 97
4 34
3 89
9 99
1 9
9 26
8 90
2 19
1 18
10 17
9 58
6 92
5 95
4 12
9 34
2 84
6 46
8 68
10 39
9 15
8 78
2 50
1 78
3 67
8 19
5 27
1 90
6 8
1 43
2 69
3 40
8 100
1 87
10 48
6 21
4 8
3 11
6 22
8 76
3 32
1 60
1 60
6 10
3 88
2 5
2 43
1 26
8 25
10 74
9 32
2 91
5 50
1 65
9 53
7 89
6 45
1 18
6 91
8 77
9 91
8 49
6 5
3 70
6 0
4 86
8 2
6 7
1 62
8 68
10 22
3 20
6 44
4 5
9 93
5 59
9 90
10 58
5 58
1 49
2 75
9 16
5 67
10 40
4 82
1 91
2 59
1 31
1 76
2 19
6 94
6 66
1 46
3 45
6 81
2 46
8 28
10 30
10 5
6 63
4 96
6 87
9 11
6 18
7 17
10 71
1 65
7 86
4 14
10 51
10 45
8 15
5 83
6 6
5 42
8 17
10 42
8 43
7 12
10 1
9 89
7 90
4 22
2 100
4 14
10 80
10 11
3 84
1 99
4 43
5 95
8 50
10 81
9 98
6 69
3 99
7 9
3 80
6 98
6 88
2 96
3 78
2 35
3 92
10 7
6 59
3 48
5 7
5 71
9 3
9 41
6 63
10 56
8 21
4 99
2 12
2 44
1 6
1 99
9 10
4 77
2 11
5 17
9 9
4 18
4 78
6 80
9 40
10 36
3 47
4 90
1 1
1 47
5 18
7 7
9 41
3 37
9 49
10 33
2 45
3 53
3 16
2 65
10 24
6 71
2 34
9 40
1 2
6 54
8 89
2 46
8 68
1 46
1 67
7 78
5 82
3 95
5 12
2 28
3 20
5 32
4 3
4 100
8 32
5 55
2 57
3 83
5 0
2 38
3 4
8 60
3 8
6 73
7 75
9 75
2 83
5 66
8 76
3 46
7 94
3 33
3 70
7 89
2 87
8 34
2 37
7 61
4 33
3 71
6 57
8 51
9 68
6 25
6 21
8 54
1 81
10 51
1 11
9 65
6 17
1 96
10 76
7 88
5 40
4 8
10 76
5 75
2 40
4 44
7 34
10 69
2 49
10 81
5 64
4 38
3 9
4 13
9 54
5 57
2 31
7 6
3 55
10 39
6 85
7 67
7 18
1 13
1 19
4 51
6 27
1 64
7 53
8 95
9 91
4 86
9 63
4 69
7 44
3 78
9 24
6 85
4 87
6 45
4 10
2 7
6 92
9 22
2 28
3 15
2 42
9 79
3 99
6 14
9 52
9 85
7 84
8 93
5 5
8 9
4 56
7 59
10 40
2 81
10 32
2 86
5 6
9 5
6 99
6 4
4 5
6 12
2 12
6 71
7 88
5 86
4 18
10 98
6 15
9 50
4 49
10 83
6 38
1 78
5 13
8 66
10 100
10 11
4 21
5 57
8 35
9 6
6 16
5 21
4 65
7 70
5 54
3 89
3 74
1 66
10 96
8 53
5 25
8 65
1 65
2 99
4 53
1 38
7 54
8 90
8 13
6 76
10 63
1 22
9 32
6 1
5 99
1 30
6 21
1 70
3 57
10 30
1 22
10 6
5 6
6 35
10 92
10 4
7 47
4 21
5 56
10 91
2 90
7 76
3 12
10 79
2 57
9 43
5 65
9 3
4 40
6 88
5 47
8 91
9 22
9 17
8 14
3 15
4 55
9 84
9 22
1 10
9 26
8 71
6 99
5 32
4 16
1 5
8 55
2 35
2 30
5 82
6 15
2 10
1 0
7 27
1 6
2 43
8 50
10 92
5 57
1 27
10 59
8 2
8 20
2 17
9 2
10 22
2 16
2 8
4 8
9 90
1 77
10 28
3 31
7 83
3 35
3 39
8 44
10 71
5 88
2 37
4 6
1 42
5 50
1 22
8 48
4 4
2 30
5 16
9 25
3 11
9 2
10 100
2 31
5 40
9 48
6 79
1 78
5 57
4 78
1 39
2 11
2 14
9 91
10 55
4 90
2 69
2 18
1 17
7 54
9 74
4 33
2 52
2 97
3 52
4 21
1 64
3 50
2 84
8 91
4 95
9 98
10 86
7 21
4 65
9 12
7 70
8 7
5 94
4 28
1 73
6 13
9 76
3 43
5 13
10 81
1 71
3 2
10 91
10 34
3 96
3 38
3 10
7 10
10 75
1 82
6 91
3 76
9 62
6 56
2 45
1 88
6 55
3 68
3 89
1 31
8 75
1 71
3 23
2 3
3 38
7 6
7 98
1 56
5 46
3 19
7 35
1 48
8 83
9 34
2 45
2 77
3 21
1 78
9 66
3 14
8 93
1 12
9 46
1 63
5 3
2 91
8 9
2 23
4 49
3 54
5 7
5 33
7 52
8 49
5 44
8 56
5 13
5 88
3 82
1 75
3 78
7 92
6 45
8 53
4 77
7 34
2 78
4 31
6 7
8 91
10 31
7 46
2 8
3 64
7 77
3 67
5 97
2 1
6 84
2 75
4 90
2 26
8 94
5 67
9 2
10 0
8 97
4 89
9 34
1 45
3 48
9 83
9 88
3 36
2 68
9 10
4 81
2 8
8 1
8 72
6 86
5 76
9 86
3 42
2 12
6 33
2 80
7 9
2 52
8 26
3 12
6 100
1 74
6 3
5 2
10 93
5 98
6 33
1 78
6 20
10 18
10 48
4 8
4 24
9 10
5 41
2 98
3 22
3 99
5 48
7 2
3 38
7 30
10 84
9 69
3 30
2 22
5 83
7 7
3 100
5 68
3 4
3 85
4 42
6 14
8 51
6 50
5 65
9 25
8 96
1 70
3 74
10 71
3 3
7 73
6 39
10 83
9 64
9 27
1 9
3 25
8 97
5 84
10 55
8 69
4 2
9 91
10 97
5 52
8 47
10 56
3 23
10 37
3 84
2 90
4 74
2 67
8 36
2 62
3 54
5 47
8 3
9 3
5 8
4 29
8 76
6 32
1 74
5 67
10 82
2 12
9 15
1 52
8 3
5 44
2 4
1 67
2 87
6 89
8 33
3 10
3 15
2 74
1 30
2 65
8 16
5 45
5 32
9 26
2 36
7 64
10 39
8 5
3 29
6 42
10 13
8 25
10 59
5 34
7 23
3 71
3 30
8 12
2 38
9 13
3 15
8 83
8 78
2 15
9 72
9 93
1 0
8 51
1 86
5 83
6 61
8 8
10 75
4 15
7 99
8 76
1 14
2 97
4 41
10 46
4 25
5 24
2 47
9 26
8 3
10 69
6 0
9 5
7 77
3 12
6 0
3 76
1 72
2 99
9 11
6 10
3 100
9 0
5 34
3 94
8 66
5 27
1 15
2 92
4 3
9 6
2 48
7 97
9 85
10 23
5 19
10 6
6 67
5 86
8 37
1 29
9 15
3 50
3 65
2 53
2 83
8 70
2 10
10 88
5 50
4 0
9 39
3 52
4 94
7 76
4 31
8 13
2 74
2 52
1 11
7 78
10 83
1 14
2 33
6 66
1 21
2 78
1 11
5 29
7 56
9 23
5 44
4 94
9 19
4 41
4 19
7 92
9 81
4 0
1 59
1 58
1 8
4 63
6 86
7 59
1 72
3 21
2 89
10 41
6 40
1 19
10 28
6 56
8 79
4 98
1 36
7 30
6 96
1 22
2 31
1 97
9 15
6 42
2 62
4 24
1 6
10 33
10 88
9 30
8 13
9 74
8 19
6 2
2 8
4 84
6 98
7 8
2 5
4 35
2 72
6 18
1 36
2 90
6 3
9 96
2 37
9 87
2 7
3 58
1 69
8 16
1 81
6 24
10 85
10 3
10 63
1 68
4 9
1 97
10 37
5 74
6 89
3 44
2 52
9 80
10 42
3 35
10 46
1 1
6 39
7 22
4 29
5 96
2 48
8 100
9 59
9 61
2 63
3 62
1 53
2 63
4 49
10 23
6 67
5 9
10 47
10 30
6 20
4 23
9 70
10 6
5 24
7 5
7 41
10 3
2 19
9 32
9 36
3 17
8 14
5 97
6 85
5 92
9 38
1 45
5 57
6 65
2 89
10 48
8 44
8 53
2 80
8 91
10 61
8 30
4 34
3 31
1 1
2 92
2 61
8 87
3 15
9 74
1 84
10 51
10 19
3 25
10 93
6 42
7 39
9 61
2 7
1 48
3 58
4 52
6 65
1 69
3 91
7 18
5 7
4 15
7 35
2 90
8 34
2 35
10 31
6 71
8 10
5 39
8 29
4 73
10 24
10 18
1 63
4 82
3 68
2 62
10 83
2 78
4 31
2 30
8 68
3 64
5 10
1 44
6 94
10 72
2 61
7 59
4 94
2 57
2 54
9 70
1 93
3 42
4 74
2 39
8 93
9 26
10 68
6 41
1 61
6 47
1 76
10 2
9 92
2 16
10 62
2 55
7 76
5 66
9 5
9 14
2 66
6 49
8 13
10 35
3 64
10 87
2 32
2 75
6 39
4 44
8 83
4 28
2 6
6 84
7 63
8 19
3 43
10 78
8 79
10 7
5 97
4 10
5 80
10 62
3 54
4 95
2 1
10 16
5 76
7 1
2 33
2 51
9 67
3 76
5 87
10 92
6 99
3 91
10 88
6 63
6 7
2 76
1 44
9 67
4 1
8 29
5 76
5 83
1 34
8 65
3 73
3 42
4 46
5 25
10 75
9 58
9 98
10 95
10 55
4 40
8 35
1 32
7 59
3 39
3 63
4 30
7 57
9 94
8 49
6 39
9 84
5 40
2 85
9 28
4 17
5 51
1 51
7 13
3 81
3 81
9 43
5 44
4 98
5 89
7 42
7 22
8 54
1 79
2 52
5 63
5 69
1 47
4 34
8 16
6 55
7 42
4 14
6 0
7 76
7 67
9 36
5 22
2 100
9 96
10 0
8 4
2 20
4 69
9 0
6 83
3 53
2 90
9 81
5 26
6 66
5 46
10 37
8 17
1 100
1 89
4 64
7 85
2 45
1 60
3 39
2 89
5 48
6 80
8 49
7 41
6 31
7 54
3 83
8 81
2 64
6 17
8 53
1 22
6 56
4 16
4 52
9 5
1 51
6 94
3 70
3 30
8 59
10 22
3 4
2 23
3 95
9 13
1 76
2 41
10 37
4 2
3 15
4 13
6 99
6 57
9 66
2 1
7 32
2 28
8 28
8 10
6 70
10 92
4 11
2 89
9 43
1 43
8 77
1 99
9 9
10 19
8 82
3 87
9 19
5 96
2 56
7 94
10 13
4 60
8 56
2 31
6 24
9 34
3 69
8 36
6 55
10 11
9 68
5 31
5 17
7 12
7 58
1 39
4 12
7 16
1 42
3 83
8 9
3 8
4 21
5 68
9 97
10 99
6 66
5 53
8 79
5 1
8 58
6 73
3 58
6 99
9 38
9 33
4 69
1 54
4 7
1 53
4 23
5 70
6 71
1 60
7 100
3 86
6 89
5 91
7 47
4 23
10 24
6 86
6 12
5 29
3 71
6 53
6 61
7 62
5 76
3 48
1 79
2 32
2 98
7 55
9 49
4 20
3 67
1 74
2 56
4 38
5 81
3 69
9 94
10 15
9 38
1 52
8 36
5 77
10 79
10 54
5 15
2 63
6 76
8 64
3 24
3 20
3 58
8 62
2 2
2 10
2 42
1 87
2 86
8 21
7 55
8 2
6 73
1 39
1 68
9 36
8 32
5 18
5 39
1 1
10 7
9 84
3 88
10 49
3 35
10 45
6 83
2 27
7 25
8 63
3 13
2 61
9 20
1 60
2 51
6 74
7 53
5 56
7 5
9 13
2 26
6 14
3 77
2 79
10 64
4 55
8 88
7 78
3 86
10 37
10 56
10 95
4 93
7 98
5 52
4 56
7 96
9 9
